  35273
 109  1037
 96  217
 83  183
 83 120  1
 83 119  3
 83 118  3
 83 118 119  1
 83 93  1
 81 82 120  1
 81 82 119  3
 81 82 118  3
 81 82 118 119  1
 81 82 93  1
 76 120  1
 76 119  3
 76 118  3
 76 118 119  1
 76 93  1
 70  71
 70 83  1
 70 81 82  1
 70 76  1
 68 69 83  1
 68 69 81 82  1
 68 69 76  1
 61  187
 61 83  1
 61 81 82  1
 61 76  1
 60  357
 60 83  5
 60 83 118  1
 60 81 82  5
 60 81 82 118  1
 60 76  3
 60 76 118  1
 60 61  43
 59 83  3
 59 83 119  1
 59 81 82  3
 59 81 82 119  1
 59 76  3
 59 76 119  1
 59 60 83  1
 59 60 81 82  1
 59 60 76  1
 56  187
 56 120  1
 56 119  3
 56 118  3
 56 118 119  1
 56 93  1
 56 70  1
 56 68 69  1
 56 61  1
 56 60  5
 56 60 118  1
 56 59  3
 56 59 119  1
 56 59 60  1
 50  1997
 43 83  1
 43 81 82  1
 43 76  1
 43 56  1
 40  1037
 37  217
 34 83  1
 34 81 82  1
 34 76  1
 34 56  1
 17  143
 17 120  1
 17 119  3
 17 118  3
 17 118 119  1
 17 93  1
 17 70  1
 17 68 69  1
 17 61  1
 17 60  3
 17 60 118  1
 17 59  3
 17 59 119  1
 17 59 60  1
 17 43  1
 17 34  1
 104  717
 45  2083
 33  243
 106  13
 105  65
 104 105  5
 103  131
 100  37
 96 109  11
 88  21
 86 87  21
 83 109  11
 83 84  7
 81 82 109  11
 80 109  9
 78 79 109  9
 68  77
 61 101  1
 61 88  1
 61 86 87  1
 61 77  1
 60 109  9
 59 60 101  1
 59 60 88  1
 59 60 86 87  1
 59 60 77  1
 59 60 61  1
 58  97
 58 59 109  9
 57 58  21
 56 109  11
 54 55  5
 53 109  9
 50 96  29
 50 83  29
 50 81 82  29
 50 80  9
 50 78 79  9
 50 60  27
 50 58 59  27
 50 56  29
 50 53  9
 46 104  5
 45 105  5
 45 46  5
 42 61  1
 42 59 60  1
 41  297
 40 96  11
 40 83  11
 40 81 82  11
 40 80  9
 40 78 79  9
 40 60  9
 40 58 59  9
 40 56  11
 40 53  9
 37 109  11
 37 50  29
 37 40  11
 34 101  1
 34 88  1
 34 86 87  1
 34 77  1
 34 61  1
 34 42  1
 33 109  9
 33 50  27
 33 40  9
 32  37
 32 61  3
 32 59 60  3
 32 34  3
 29  5
 27 109  11
 27 50  29
 27 40  11
 26  115
 18 61  1
 18 59 60  1
 18 34  1
 11  19
 74 77  1
 74 75 76  1
 72 73  11
 72 73 77  1
 72 73 75 76  1
 50 74  1
 50 72 73  1
 47 77  1
 47 75 76  1
 47 50  1
 24  1
 70 71  1369
 35  549
 3  87
 0  163
 127  53
 84  55
 75  41
 69 70  267
 12  41
 25  29
 71 107  1
 69 70 107  1
 69 70 72  1
 69 70 71  1
 56 57  1
 48 71  1
 48 69 70  1
 45 71  1
 45 69 70  1
 44 107  1
 44 72  1
 44 70 71  1
 44 48  1
 44 45  37
 38 71  1
 38 69 70  1
 38 44  1
 94 109  7
 50 94  7
 40 94  7
 35 109  7
 35 50  7
 35 40  7
 90 96  1
 88 89 96  1
 84 94  3
 63 96  1
 59 96  1
 37 90  1
 37 88 89  1
 37 63  1
 37 59  1
 35 84  3
 27 90  1
 27 88 89  1
 27 63  1
 27 59  1
 25 94  3
 25 35  3
 15 94  3
 15 35  3
 0 96  1
 0 37  1
 0 27  1
