 109  25
 106  5
 104 121  1
 104 120  1
 104 106  1
 104 105  1
 95  1
 92 104  1
 91  47
 91 121  1
 91 120  1
 91 106  1
 91 105  1
 91 104  1
 91 92  1
 90 91  5
 90 91 104  1
 89 90  47
 89 90 121  1
 89 90 120  1
 89 90 106  1
 89 90 105  1
 89 90 104  1
 89 90 92  1
 89 90 91  1
 86  21
 86 104  1
 86 91  1
 86 89 90  1
 83 104  1
 83 91  1
 83 89 90  1
 81 82 104  1
 81 82 91  1
 81 82 89 90  1
 79  1
 77  1
 65 104  1
 65 91  1
 65 89 90  1
 64 121  1
 64 120  1
 64 106  1
 64 105  1
 64 104  1
 64 92  1
 64 90 91  1
 64 83  1
 64 81 82  1
 64 65  1
 62 104  1
 62 91  1
 62 89 90  1
 62 64  1
 62 63  1
 61  7
 61 104  1
 61 91  1
 61 89 90  1
 61 64  1
 56  5
 56 104  1
 56 91  1
 56 89 90  1
 56 64  1
 54 55  1
 50  25
 47 104  1
 47 91  1
 47 89 90  1
 47 64  1
 46 104  1
 46 91  1
 46 89 90  1
 46 64  1
 45 121  1
 45 120  1
 45 106  1
 45 105  1
 45 92  1
 45 91  1
 45 90 91  1
 45 89 90  1
 45 86  1
 45 83  1
 45 81 82  1
 45 65  1
 45 64  1
 45 62  1
 45 61  1
 45 56  1
 45 47  1
 45 46  1
 40  25
 37  1
 36  1
 29  1
 27 104  1
 27 91  1
 27 89 90  1
 27 64  1
 27 45  1
 26  1
 20  5
 20 104  1
 20 91  1
 20 89 90  1
 20 64  1
 20 45  1
 19 104  1
 19 91  1
 19 89 90  1
 19 64  1
 19 45  1
 18  1
 18 19 104  1
 18 19 91  1
 18 19 89 90  1
 18 19 64  1
 18 19 45  1
 17 104  1
 17 91  1
 17 89 90  1
 17 64  1
 17 45  1
 17 18 104  1
 17 18 91  1
 17 18 89 90  1
 17 18 64  1
 17 18 45  1
 5 104  1
 5 91  1
 5 89 90  1
 5 64  1
 5 45  1
 3 4 104  1
 3 4 91  1
 3 4 89 90  1
 3 4 64  1
 3 4 45  1
 74  1
 72 73  1
 88  3
 86 87  3
 84 85  15
 64 84 85  1
 59  15
 59 64  1
 5 86  1
 5 84 85  1
 5 59  1
