 33 58 59 65 76  59
 33 58 59 65 74 75  59
 33 49 58 59 65  59
 33 35 58 59 65 76  13
 33 35 58 59 65 74 75  13
 33 35 49 58 59 65  13
 31 32 58 65 76  71
 31 32 58 65 74 75  71
 31 32 58 65 68 76  17
 31 32 58 65 68 74 75  17
 31 32 58 59 65 76  59
 31 32 58 59 65 74 75  59
 31 32 49 58 65  71
 31 32 49 58 65 68  17
 31 32 49 58 59 65  59
 31 32 35 58 65 76  17
 31 32 35 58 65 74 75  17
 31 32 35 58 59 65 76  13
 31 32 35 58 59 65 74 75  13
 31 32 35 49 58 65  17
 31 32 35 49 58 59 65  13
 31 32 33 34 58 65 76  17
 31 32 33 34 58 65 74 75  17
 31 32 33 34 58 59 65 76  13
 31 32 33 34 58 59 65 74 75  13
 31 32 33 34 49 58 65  17
 31 32 33 34 49 58 59 65  13
 26 31 32 58 65 76  17
 26 31 32 58 65 74 75  17
 26 31 32 49 58 65  17
 24 25 31 32 58 65 76  17
 24 25 31 32 58 65 74 75  17
 24 25 31 32 49 58 65  17
 8 33 58 59 65 76  13
 8 33 58 59 65 74 75  13
 8 33 49 58 59 65  13
 8 31 32 58 65 76  17
 8 31 32 58 65 74 75  17
 8 31 32 58 59 65 76  13
 8 31 32 58 59 65 74 75  13
 8 31 32 49 58 65  17
 8 31 32 49 58 59 65  13
 6 58 59 65 76  59
 6 58 59 65 74 75  59
 6 49 58 59 65  59
 6 35 58 59 65 76  13
 6 35 58 59 65 74 75  13
 6 35 49 58 59 65  13
 6 33 34 58 59 65 76  13
 6 33 34 58 59 65 74 75  13
 6 33 34 49 58 59 65  13
 6 8 58 59 65 76  13
 6 8 58 59 65 74 75  13
 6 8 49 58 59 65  13
 14 53 58 65 76 78  1
 14 53 58 65 76 77  3
 14 53 58 65 74 75 78  1
 14 53 58 65 74 75 76 77  1
 14 53 58 65 67 78  1
 14 53 58 65 67 76 77  1
 14 53 58 65 66 76 78  1
 14 53 58 65 66 76 77  3
 14 53 58 65 66 74 75 78  1
 14 53 58 65 66 74 75 76 77  1
 14 53 58 65 66 67 78  1
 14 53 58 65 66 67 76 77  1
 14 51 53 58 65 76  1
 14 51 53 58 65 74 75  1
 14 51 53 58 65 67  1
 14 51 53 58 65 66 76  1
 14 51 53 58 65 66 74 75  1
 14 51 53 58 65 66 67  1
 14 51 52 58 65 76  1
 14 51 52 58 65 76 78  1
 14 51 52 58 65 76 77  3
 14 51 52 58 65 74 75  1
 14 51 52 58 65 74 75 78  1
 14 51 52 58 65 74 75 76 77  1
 14 51 52 58 65 67  1
 14 51 52 58 65 67 78  1
 14 51 52 58 65 67 76 77  1
 14 51 52 58 65 66 76  1
 14 51 52 58 65 66 76 78  1
 14 51 52 58 65 66 76 77  3
 14 51 52 58 65 66 74 75  1
 14 51 52 58 65 66 74 75 78  1
 14 51 52 58 65 66 74 75 76 77  1
 14 51 52 58 65 66 67  1
 14 51 52 58 65 66 67 78  1
 14 51 52 58 65 66 67 76 77  1
 14 49 53 58 65 78  1
 14 49 53 58 65 76 77  1
 14 49 53 58 65 66 78  1
 14 49 53 58 65 66 76 77  1
 14 49 51 53 58 65  1
 14 49 51 53 58 65 66  1
 14 49 51 52 58 65  1
 14 49 51 52 58 65 78  1
 14 49 51 52 58 65 76 77  1
 14 49 51 52 58 65 66  1
 14 49 51 52 58 65 66 78  1
 14 49 51 52 58 65 66 76 77  1
 14 40 53 58 65 78  1
 14 40 53 58 65 76 77  1
 14 40 53 58 65 66 78  1
 14 40 53 58 65 66 76 77  1
 14 40 51 53 58 65  1
 14 40 51 53 58 65 66  1
 14 40 51 52 58 65  1
 14 40 51 52 58 65 78  1
 14 40 51 52 58 65 76 77  1
 14 40 51 52 58 65 66  1
 14 40 51 52 58 65 66 78  1
 14 40 51 52 58 65 66 76 77  1
 14 26 58 65 76 78  1
 14 26 58 65 76 77  3
 14 26 58 65 74 75 78  1
 14 26 58 65 74 75 76 77  1
 14 26 58 65 67 78  1
 14 26 58 65 67 76 77  1
 14 26 58 65 66 76 78  1
 14 26 58 65 66 76 77  3
 14 26 58 65 66 74 75 78  1
 14 26 58 65 66 74 75 76 77  1
 14 26 58 65 66 67 78  1
 14 26 58 65 66 67 76 77  1
 14 26 51 58 65 76  1
 14 26 51 58 65 74 75  1
 14 26 51 58 65 67  1
 14 26 51 58 65 66 76  1
 14 26 51 58 65 66 74 75  1
 14 26 51 58 65 66 67  1
 14 26 49 58 65 78  1
 14 26 49 58 65 76 77  1
 14 26 49 58 65 66 78  1
 14 26 49 58 65 66 76 77  1
 14 26 49 51 58 65  1
 14 26 49 51 58 65 66  1
 14 26 40 58 65 78  1
 14 26 40 58 65 76 77  1
 14 26 40 58 65 66 78  1
 14 26 40 58 65 66 76 77  1
 14 26 40 51 58 65  1
 14 26 40 51 58 65 66  1
  81
 33 53 55 58 65 67 78  1
 33 53 55 58 65 67 76 77  1
 33 53 54 58 65 67 78  1
 33 53 54 58 65 67 76 77  1
 33 51 53 55 58 65 67  1
 33 51 53 54 58 65 67  1
 33 51 52 55 58 65 67  1
 33 51 52 55 58 65 67 78  1
 33 51 52 55 58 65 67 76 77  1
 33 51 52 53 54 58 65 67  1
 33 51 52 53 54 58 65 67 78  1
 33 51 52 53 54 58 65 67 76 77  1
 31 32 53 55 58 65 67 78  1
 31 32 53 55 58 65 67 76 77  1
 31 32 53 54 58 65 67 78  1
 31 32 53 54 58 65 67 76 77  1
 31 32 51 53 55 58 65 67  1
 31 32 51 53 54 58 65 67  1
 31 32 51 52 55 58 65 67  1
 31 32 51 52 55 58 65 67 78  1
 31 32 51 52 55 58 65 67 76 77  1
 31 32 51 52 53 54 58 65 67  1
 31 32 51 52 53 54 58 65 67 78  1
 31 32 51 52 53 54 58 65 67 76 77  1
 28 33 53 58 65 67 78  1
 28 33 53 58 65 67 76 77  1
 28 33 51 53 58 65 67  1
 28 33 51 52 58 65 67  1
 28 33 51 52 58 65 67 78  1
 28 33 51 52 58 65 67 76 77  1
 28 31 32 53 58 65 67 78  1
 28 31 32 53 58 65 67 76 77  1
 28 31 32 51 53 58 65 67  1
 28 31 32 51 52 58 65 67  1
 28 31 32 51 52 58 65 67 78  1
 28 31 32 51 52 58 65 67 76 77  1
 26 33 55 58 65 67 78  1
 26 33 55 58 65 67 76 77  1
 26 33 53 54 58 65 67 78  1
 26 33 53 54 58 65 67 76 77  1
 26 33 51 55 58 65 67  1
 26 33 51 53 54 58 65 67  1
 26 31 32 55 58 65 67 78  1
 26 31 32 55 58 65 67 76 77  1
 26 31 32 53 54 58 65 67 78  1
 26 31 32 53 54 58 65 67 76 77  1
 26 31 32 51 55 58 65 67  1
 26 31 32 51 53 54 58 65 67  1
 26 28 33 58 65 67 78  1
 26 28 33 58 65 67 76 77  1
 26 28 33 51 58 65 67  1
 26 28 31 32 58 65 67 78  1
 26 28 31 32 58 65 67 76 77  1
 26 28 31 32 51 58 65 67  1
 6 53 55 58 65 67 78  1
 6 53 55 58 65 67 76 77  1
 6 53 54 58 65 67 78  1
 6 53 54 58 65 67 76 77  1
 6 51 53 55 58 65 67  1
 6 51 53 54 58 65 67  1
 6 51 52 55 58 65 67  1
 6 51 52 55 58 65 67 78  1
 6 51 52 55 58 65 67 76 77  1
 6 51 52 53 54 58 65 67  1
 6 51 52 53 54 58 65 67 78  1
 6 51 52 53 54 58 65 67 76 77  1
 6 28 53 58 65 67 78  1
 6 28 53 58 65 67 76 77  1
 6 28 51 53 58 65 67  1
 6 28 51 52 58 65 67  1
 6 28 51 52 58 65 67 78  1
 6 28 51 52 58 65 67 76 77  1
 6 26 55 58 65 67 78  1
 6 26 55 58 65 67 76 77  1
 6 26 53 54 58 65 67 78  1
 6 26 53 54 58 65 67 76 77  1
 6 26 51 55 58 65 67  1
 6 26 51 53 54 58 65 67  1
 6 26 28 58 65 67 78  1
 6 26 28 58 65 67 76 77  1
 6 26 28 51 58 65 67  1
 33 53 55 58 65 66 78  1
 33 53 55 58 65 66 76 77  1
 33 53 54 58 65 66 78  1
 33 53 54 58 65 66 76 77  1
 33 51 53 55 58 65 66  1
 33 51 53 54 58 65 66  1
 33 51 52 55 58 65 66  1
 33 51 52 55 58 65 66 78  1
 33 51 52 55 58 65 66 76 77  1
 33 51 52 53 54 58 65 66  1
 33 51 52 53 54 58 65 66 78  1
 33 51 52 53 54 58 65 66 76 77  1
 31 32 53 55 58 65 66 78  1
 31 32 53 55 58 65 66 76 77  1
 31 32 53 54 58 65 66 78  1
 31 32 53 54 58 65 66 76 77  1
 31 32 51 53 55 58 65 66  1
 31 32 51 53 54 58 65 66  1
 31 32 51 52 55 58 65 66  1
 31 32 51 52 55 58 65 66 78  1
 31 32 51 52 55 58 65 66 76 77  1
 31 32 51 52 53 54 58 65 66  1
 31 32 51 52 53 54 58 65 66 78  1
 31 32 51 52 53 54 58 65 66 76 77  1
 28 33 53 58 65 66 78  1
 28 33 53 58 65 66 76 77  1
 28 33 51 53 58 65 66  1
 28 33 51 52 58 65 66  1
 28 33 51 52 58 65 66 78  1
 28 33 51 52 58 65 66 76 77  1
 28 31 32 53 58 65 66 78  1
 28 31 32 53 58 65 66 76 77  1
 28 31 32 51 53 58 65 66  1
 28 31 32 51 52 58 65 66  1
 28 31 32 51 52 58 65 66 78  1
 28 31 32 51 52 58 65 66 76 77  1
 26 33 55 58 65 66 78  1
 26 33 55 58 65 66 76 77  1
 26 33 53 54 58 65 66 78  1
 26 33 53 54 58 65 66 76 77  1
 26 33 51 55 58 65 66  1
 26 33 51 53 54 58 65 66  1
 26 31 32 55 58 65 66 78  1
 26 31 32 55 58 65 66 76 77  1
 26 31 32 53 54 58 65 66 78  1
 26 31 32 53 54 58 65 66 76 77  1
 26 31 32 51 55 58 65 66  1
 26 31 32 51 53 54 58 65 66  1
 26 28 33 58 65 66 78  1
 26 28 33 58 65 66 76 77  1
 26 28 33 51 58 65 66  1
 26 28 31 32 58 65 66 78  1
 26 28 31 32 58 65 66 76 77  1
 26 28 31 32 51 58 65 66  1
 6 53 55 58 65 66 78  1
 6 53 55 58 65 66 76 77  1
 6 53 54 58 65 66 78  1
 6 53 54 58 65 66 76 77  1
 6 51 53 55 58 65 66  1
 6 51 53 54 58 65 66  1
 6 51 52 55 58 65 66  1
 6 51 52 55 58 65 66 78  1
 6 51 52 55 58 65 66 76 77  1
 6 51 52 53 54 58 65 66  1
 6 51 52 53 54 58 65 66 78  1
 6 51 52 53 54 58 65 66 76 77  1
 6 28 53 58 65 66 78  1
 6 28 53 58 65 66 76 77  1
 6 28 51 53 58 65 66  1
 6 28 51 52 58 65 66  1
 6 28 51 52 58 65 66 78  1
 6 28 51 52 58 65 66 76 77  1
 6 26 55 58 65 66 78  1
 6 26 55 58 65 66 76 77  1
 6 26 53 54 58 65 66 78  1
 6 26 53 54 58 65 66 76 77  1
 6 26 51 55 58 65 66  1
 6 26 51 53 54 58 65 66  1
 6 26 28 58 65 66 78  1
 6 26 28 58 65 66 76 77  1
 6 26 28 51 58 65 66  1
 67  17
 65 66  17
 46 76  29
 46 74 75  29
 46 49  29
 44 45 76  29
 44 45 74 75  29
 44 45 49  29
 40  17
 19 76  29
 19 74 75  29
 19 49  29
 13  1
 0  1
 22 23 41 53 58 65 76 78  1
 22 23 41 53 58 65 76 77  3
 22 23 41 53 58 65 74 75 78  1
 22 23 41 53 58 65 74 75 76 77  1
 22 23 41 53 58 65 67 78  1
 22 23 41 53 58 65 67 76 77  1
 22 23 41 53 58 65 66 78  1
 22 23 41 53 58 65 66 76 77  1
 22 23 41 51 53 58 65 76  1
 22 23 41 51 53 58 65 74 75  1
 22 23 41 51 53 58 65 67  1
 22 23 41 51 53 58 65 66  1
 22 23 41 51 52 58 65 76  1
 22 23 41 51 52 58 65 76 78  1
 22 23 41 51 52 58 65 76 77  3
 22 23 41 51 52 58 65 74 75  1
 22 23 41 51 52 58 65 74 75 78  1
 22 23 41 51 52 58 65 74 75 76 77  1
 22 23 41 51 52 58 65 67  1
 22 23 41 51 52 58 65 67 78  1
 22 23 41 51 52 58 65 67 76 77  1
 22 23 41 51 52 58 65 66  1
 22 23 41 51 52 58 65 66 78  1
 22 23 41 51 52 58 65 66 76 77  1
 22 23 41 49 53 58 65 78  1
 22 23 41 49 53 58 65 76 77  1
 22 23 41 49 51 53 58 65  1
 22 23 41 49 51 52 58 65  1
 22 23 41 49 51 52 58 65 78  1
 22 23 41 49 51 52 58 65 76 77  1
 22 23 40 41 53 58 65 78  1
 22 23 40 41 53 58 65 76 77  1
 22 23 40 41 51 53 58 65  1
 22 23 40 41 51 52 58 65  1
 22 23 40 41 51 52 58 65 78  1
 22 23 40 41 51 52 58 65 76 77  1
 22 23 39 40 53 58 65 78  3
 22 23 39 40 53 58 65 76 78  1
 22 23 39 40 53 58 65 74 75 78  1
 22 23 39 40 53 58 65 74 75 76 77  1
 22 23 39 40 53 58 65 67 78  1
 22 23 39 40 53 58 65 67 76 77  1
 22 23 39 40 53 58 65 66 78  1
 22 23 39 40 53 58 65 66 76 77  1
 22 23 39 40 51 53 58 65  3
 22 23 39 40 51 53 58 65 76  1
 22 23 39 40 51 53 58 65 74 75  1
 22 23 39 40 51 53 58 65 67  1
 22 23 39 40 51 53 58 65 66  1
 22 23 39 40 51 52 58 65  3
 22 23 39 40 51 52 58 65 78  3
 22 23 39 40 51 52 58 65 76  1
 22 23 39 40 51 52 58 65 76 78  1
 22 23 39 40 51 52 58 65 74 75  1
 22 23 39 40 51 52 58 65 74 75 78  1
 22 23 39 40 51 52 58 65 74 75 76 77  1
 22 23 39 40 51 52 58 65 67  1
 22 23 39 40 51 52 58 65 67 78  1
 22 23 39 40 51 52 58 65 67 76 77  1
 22 23 39 40 51 52 58 65 66  1
 22 23 39 40 51 52 58 65 66 78  1
 22 23 39 40 51 52 58 65 66 76 77  1
 22 23 39 40 49 53 58 65 78  1
 22 23 39 40 49 53 58 65 76 77  1
 22 23 39 40 49 51 53 58 65  1
 22 23 39 40 49 51 52 58 65  1
 22 23 39 40 49 51 52 58 65 78  1
 22 23 39 40 49 51 52 58 65 76 77  1
 22 23 26 41 58 65 76 78  1
 22 23 26 41 58 65 76 77  3
 22 23 26 41 58 65 74 75 78  1
 22 23 26 41 58 65 74 75 76 77  1
 22 23 26 41 58 65 67 78  1
 22 23 26 41 58 65 67 76 77  1
 22 23 26 41 58 65 66 78  1
 22 23 26 41 58 65 66 76 77  1
 22 23 26 41 51 58 65 76  1
 22 23 26 41 51 58 65 74 75  1
 22 23 26 41 51 58 65 67  1
 22 23 26 41 51 58 65 66  1
 22 23 26 41 49 58 65 78  1
 22 23 26 41 49 58 65 76 77  1
 22 23 26 41 49 51 58 65  1
 22 23 26 40 41 58 65 78  1
 22 23 26 40 41 58 65 76 77  1
 22 23 26 40 41 51 58 65  1
 22 23 26 39 40 58 65 78  3
 22 23 26 39 40 58 65 76 78  1
 22 23 26 39 40 58 65 74 75 78  1
 22 23 26 39 40 58 65 74 75 76 77  1
 22 23 26 39 40 58 65 67 78  1
 22 23 26 39 40 58 65 67 76 77  1
 22 23 26 39 40 58 65 66 78  1
 22 23 26 39 40 58 65 66 76 77  1
 22 23 26 39 40 51 58 65  3
 22 23 26 39 40 51 58 65 76  1
 22 23 26 39 40 51 58 65 74 75  1
 22 23 26 39 40 51 58 65 67  1
 22 23 26 39 40 51 58 65 66  1
 22 23 26 39 40 49 58 65 78  1
 22 23 26 39 40 49 58 65 76 77  1
 22 23 26 39 40 49 51 58 65  1
 14 22 23 53 58 65 76 78  1
 14 22 23 53 58 65 76 77  3
 14 22 23 53 58 65 74 75 78  1
 14 22 23 53 58 65 74 75 76 77  1
 14 22 23 53 58 65 67 78  1
 14 22 23 53 58 65 67 76 77  1
 14 22 23 53 58 65 66 78  1
 14 22 23 53 58 65 66 76 77  1
 14 22 23 51 53 58 65 76  1
 14 22 23 51 53 58 65 74 75  1
 14 22 23 51 53 58 65 67  1
 14 22 23 51 53 58 65 66  1
 14 22 23 51 52 58 65 76  1
 14 22 23 51 52 58 65 76 78  1
 14 22 23 51 52 58 65 76 77  3
 14 22 23 51 52 58 65 74 75  1
 14 22 23 51 52 58 65 74 75 78  1
 14 22 23 51 52 58 65 74 75 76 77  1
 14 22 23 51 52 58 65 67  1
 14 22 23 51 52 58 65 67 78  1
 14 22 23 51 52 58 65 67 76 77  1
 14 22 23 51 52 58 65 66  1
 14 22 23 51 52 58 65 66 78  1
 14 22 23 51 52 58 65 66 76 77  1
 14 22 23 49 53 58 65 78  1
 14 22 23 49 53 58 65 76 77  1
 14 22 23 49 51 53 58 65  1
 14 22 23 49 51 52 58 65  1
 14 22 23 49 51 52 58 65 78  1
 14 22 23 49 51 52 58 65 76 77  1
 14 22 23 40 53 58 65 78  1
 14 22 23 40 53 58 65 76 77  1
 14 22 23 40 51 53 58 65  1
 14 22 23 40 51 52 58 65  1
 14 22 23 40 51 52 58 65 78  1
 14 22 23 40 51 52 58 65 76 77  1
 14 22 23 26 58 65 76 78  1
 14 22 23 26 58 65 76 77  3
 14 22 23 26 58 65 74 75 78  1
 14 22 23 26 58 65 74 75 76 77  1
 14 22 23 26 58 65 67 78  1
 14 22 23 26 58 65 67 76 77  1
 14 22 23 26 58 65 66 78  1
 14 22 23 26 58 65 66 76 77  1
 14 22 23 26 51 58 65 76  1
 14 22 23 26 51 58 65 74 75  1
 14 22 23 26 51 58 65 67  1
 14 22 23 26 51 58 65 66  1
 14 22 23 26 49 58 65 78  1
 14 22 23 26 49 58 65 76 77  1
 14 22 23 26 49 51 58 65  1
 14 22 23 26 40 58 65 78  1
 14 22 23 26 40 58 65 76 77  1
 14 22 23 26 40 51 58 65  1
 58 65 76 78  3
 58 65 76 77  3
 58 65 74 75 78  3
 58 65 74 75 76 77  3
 58 65 72 76  3
 58 65 72 74 75  3
 58 65 70 71 76  3
 58 65 70 71 74 75  3
 58 65 66 76 78  3
 58 65 66 76 77  3
 58 65 66 74 75 78  3
 58 65 66 74 75 76 77  3
 58 65 66 72 76  3
 58 65 66 72 74 75  3
 58 65 66 70 71 76  3
 58 65 66 70 71 74 75  3
 58 60 65 76  3
 58 60 65 74 75  3
 58 60 65 66 76  3
 58 60 65 66 74 75  3
 58 59 65 76  11
 58 59 65 74 75  11
 58 59 65 66 76  11
 58 59 65 66 74 75  11
 51 58 65 76  3
 51 58 65 74 75  3
 51 58 65 66 76  3
 51 58 65 66 74 75  3
 49 58 65 78  3
 49 58 65 76 77  3
 49 58 65 72  3
 49 58 65 70 71  3
 49 58 65 66 78  3
 49 58 65 66 76 77  3
 49 58 65 66 72  3
 49 58 65 66 70 71  3
 49 58 60 65  3
 49 58 60 65 66  3
 49 58 59 65  11
 49 58 59 65 66  11
 49 51 58 65  3
 49 51 58 65 66  3
 45 58 65 76  3
 45 58 65 74 75  3
 45 58 65 66 76  3
 45 58 65 66 74 75  3
 45 49 58 65  3
 45 49 58 65 66  3
 35 58 65 76 78  1
 35 58 65 76 77  1
 35 58 65 74 75 78  1
 35 58 65 74 75 76 77  1
 35 58 65 72 76  1
 35 58 65 72 74 75  1
 35 58 65 70 71 76  1
 35 58 65 70 71 74 75  1
 35 58 65 66 76 78  1
 35 58 65 66 76 77  1
 35 58 65 66 74 75 78  1
 35 58 65 66 74 75 76 77  1
 35 58 65 66 72 76  1
 35 58 65 66 72 74 75  1
 35 58 65 66 70 71 76  1
 35 58 65 66 70 71 74 75  1
 35 58 60 65 76  1
 35 58 60 65 74 75  1
 35 58 60 65 66 76  1
 35 58 60 65 66 74 75  1
 35 58 59 65 76  5
 35 58 59 65 74 75  5
 35 58 59 65 66 76  5
 35 58 59 65 66 74 75  5
 35 51 58 65 76  1
 35 51 58 65 74 75  1
 35 51 58 65 66 76  1
 35 51 58 65 66 74 75  1
 35 49 58 65 78  1
 35 49 58 65 76 77  1
 35 49 58 65 72  1
 35 49 58 65 70 71  1
 35 49 58 65 66 78  1
 35 49 58 65 66 76 77  1
 35 49 58 65 66 72  1
 35 49 58 65 66 70 71  1
 35 49 58 60 65  1
 35 49 58 60 65 66  1
 35 49 58 59 65  5
 35 49 58 59 65 66  5
 35 49 51 58 65  1
 35 49 51 58 65 66  1
 35 45 58 65 76  1
 35 45 58 65 74 75  1
 35 45 58 65 66 76  1
 35 45 58 65 66 74 75  1
 35 45 49 58 65  1
 35 45 49 58 65 66  1
 33 58 65 76  15
 33 58 65 76 78  3
 33 58 65 76 77  3
 33 58 65 74 75  15
 33 58 65 74 75 78  3
 33 58 65 74 75 76 77  3
 33 58 65 72 76  3
 33 58 65 72 74 75  3
 33 58 65 70 71 76  3
 33 58 65 70 71 74 75  3
 33 58 65 68 76  1
 33 58 65 68 74 75  1
 33 58 60 65 76  3
 33 58 60 65 74 75  3
 33 51 58 65 76  3
 33 51 58 65 74 75  3
 33 49 58 65  15
 33 49 58 65 78  3
 33 49 58 65 76 77  3
 33 49 58 65 72  3
 33 49 58 65 70 71  3
 33 49 58 65 68  1
 33 49 58 60 65  3
 33 49 51 58 65  3
 33 45 58 65 76  3
 33 45 58 65 74 75  3
 33 45 49 58 65  3
 33 35 58 65 76  5
 33 35 58 65 76 78  1
 33 35 58 65 76 77  1
 33 35 58 65 74 75  5
 33 35 58 65 74 75 78  1
 33 35 58 65 74 75 76 77  1
 33 35 58 65 72 76  1
 33 35 58 65 72 74 75  1
 33 35 58 65 70 71 76  1
 33 35 58 65 70 71 74 75  1
 33 35 58 60 65 76  1
 33 35 58 60 65 74 75  1
 33 35 51 58 65 76  1
 33 35 51 58 65 74 75  1
 33 35 49 58 65  5
 33 35 49 58 65 78  1
 33 35 49 58 65 76 77  1
 33 35 49 58 65 72  1
 33 35 49 58 65 70 71  1
 33 35 49 58 60 65  1
 33 35 49 51 58 65  1
 33 35 45 58 65 76  1
 33 35 45 58 65 74 75  1
 33 35 45 49 58 65  1
 33 34 58 65 76  9
 33 34 58 65 74 75  9
 33 34 58 65 66 76 78  1
 33 34 58 65 66 76 77  1
 33 34 58 65 66 74 75 78  1
 33 34 58 65 66 74 75 76 77  1
 33 34 58 65 66 72 76  1
 33 34 58 65 66 72 74 75  1
 33 34 58 65 66 70 71 76  1
 33 34 58 65 66 70 71 74 75  1
 33 34 58 60 65 66 76  1
 33 34 58 60 65 66 74 75  1
 33 34 58 59 65 66 76  5
 33 34 58 59 65 66 74 75  5
 33 34 51 58 65 66 76  1
 33 34 51 58 65 66 74 75  1
 33 34 49 58 65  9
 33 34 49 58 65 66 78  1
 33 34 49 58 65 66 76 77  1
 33 34 49 58 65 66 72  1
 33 34 49 58 65 66 70 71  1
 33 34 49 58 60 65 66  1
 33 34 49 58 59 65 66  5
 33 34 49 51 58 65 66  1
 33 34 45 58 65 66 76  1
 33 34 45 58 65 66 74 75  1
 33 34 45 49 58 65 66  1
 31 32 58 65 76 78  3
 31 32 58 65 76 77  3
 31 32 58 65 74 75 78  3
 31 32 58 65 74 75 76 77  3
 31 32 58 65 72 76  3
 31 32 58 65 72 74 75  3
 31 32 58 65 70 71 76  3
 31 32 58 65 70 71 74 75  3
 31 32 58 60 65 76  3
 31 32 58 60 65 74 75  3
 31 32 51 58 65 76  3
 31 32 51 58 65 74 75  3
 31 32 49 58 65 78  3
 31 32 49 58 65 76 77  3
 31 32 49 58 65 72  3
 31 32 49 58 65 70 71  3
 31 32 49 58 60 65  3
 31 32 49 51 58 65  3
 31 32 45 58 65 76  3
 31 32 45 58 65 74 75  3
 31 32 45 49 58 65  3
 31 32 35 58 65 76 78  1
 31 32 35 58 65 76 77  1
 31 32 35 58 65 74 75 78  1
 31 32 35 58 65 74 75 76 77  1
 31 32 35 58 65 72 76  1
 31 32 35 58 65 72 74 75  1
 31 32 35 58 65 70 71 76  1
 31 32 35 58 65 70 71 74 75  1
 31 32 35 58 60 65 76  1
 31 32 35 58 60 65 74 75  1
 31 32 35 51 58 65 76  1
 31 32 35 51 58 65 74 75  1
 31 32 35 49 58 65 78  1
 31 32 35 49 58 65 76 77  1
 31 32 35 49 58 65 72  1
 31 32 35 49 58 65 70 71  1
 31 32 35 49 58 60 65  1
 31 32 35 49 51 58 65  1
 31 32 35 45 58 65 76  1
 31 32 35 45 58 65 74 75  1
 31 32 35 45 49 58 65  1
 31 32 33 34 58 65 76 78  1
 31 32 33 34 58 65 76 77  1
 31 32 33 34 58 65 74 75 78  1
 31 32 33 34 58 65 74 75 76 77  1
 31 32 33 34 58 65 72 76  1
 31 32 33 34 58 65 72 74 75  1
 31 32 33 34 58 65 70 71 76  1
 31 32 33 34 58 65 70 71 74 75  1
 31 32 33 34 58 60 65 76  1
 31 32 33 34 58 60 65 74 75  1
 31 32 33 34 51 58 65 76  1
 31 32 33 34 51 58 65 74 75  1
 31 32 33 34 49 58 65 78  1
 31 32 33 34 49 58 65 76 77  1
 31 32 33 34 49 58 65 72  1
 31 32 33 34 49 58 65 70 71  1
 31 32 33 34 49 58 60 65  1
 31 32 33 34 49 51 58 65  1
 31 32 33 34 45 58 65 76  1
 31 32 33 34 45 58 65 74 75  1
 31 32 33 34 45 49 58 65  1
 26 33 58 65 76  1
 26 33 58 65 74 75  1
 26 33 49 58 65  1
 24 58 65 76 78  3
 24 58 65 76 77  3
 24 58 65 74 75 78  3
 24 58 65 74 75 76 77  3
 24 58 65 72 76  3
 24 58 65 72 74 75  3
 24 58 65 70 71 76  3
 24 58 65 70 71 74 75  3
 24 58 60 65 76  3
 24 58 60 65 74 75  3
 24 58 59 65 76  11
 24 58 59 65 74 75  11
 24 51 58 65 76  3
 24 51 58 65 74 75  3
 24 49 58 65 78  3
 24 49 58 65 76 77  3
 24 49 58 65 72  3
 24 49 58 65 70 71  3
 24 49 58 60 65  3
 24 49 58 59 65  11
 24 49 51 58 65  3
 24 45 58 65 76  3
 24 45 58 65 74 75  3
 24 45 49 58 65  3
 24 35 58 65 76 78  1
 24 35 58 65 76 77  1
 24 35 58 65 74 75 78  1
 24 35 58 65 74 75 76 77  1
 24 35 58 65 72 76  1
 24 35 58 65 72 74 75  1
 24 35 58 65 70 71 76  1
 24 35 58 65 70 71 74 75  1
 24 35 58 60 65 76  1
 24 35 58 60 65 74 75  1
 24 35 58 59 65 76  5
 24 35 58 59 65 74 75  5
 24 35 51 58 65 76  1
 24 35 51 58 65 74 75  1
 24 35 49 58 65 78  1
 24 35 49 58 65 76 77  1
 24 35 49 58 65 72  1
 24 35 49 58 65 70 71  1
 24 35 49 58 60 65  1
 24 35 49 58 59 65  5
 24 35 49 51 58 65  1
 24 35 45 58 65 76  1
 24 35 45 58 65 74 75  1
 24 35 45 49 58 65  1
 24 33 34 58 65 76 78  1
 24 33 34 58 65 76 77  1
 24 33 34 58 65 74 75 78  1
 24 33 34 58 65 74 75 76 77  1
 24 33 34 58 65 72 76  1
 24 33 34 58 65 72 74 75  1
 24 33 34 58 65 70 71 76  1
 24 33 34 58 65 70 71 74 75  1
 24 33 34 58 60 65 76  1
 24 33 34 58 60 65 74 75  1
 24 33 34 58 59 65 76  5
 24 33 34 58 59 65 74 75  5
 24 33 34 51 58 65 76  1
 24 33 34 51 58 65 74 75  1
 24 33 34 49 58 65 78  1
 24 33 34 49 58 65 76 77  1
 24 33 34 49 58 65 72  1
 24 33 34 49 58 65 70 71  1
 24 33 34 49 58 60 65  1
 24 33 34 49 58 59 65  5
 24 33 34 49 51 58 65  1
 24 33 34 45 58 65 76  1
 24 33 34 45 58 65 74 75  1
 24 33 34 45 49 58 65  1
 24 25 33 58 65 76  1
 24 25 33 58 65 74 75  1
 24 25 33 49 58 65  1
 22 23 58 65 76 78  3
 22 23 58 65 76 77  3
 22 23 58 65 74 75 78  3
 22 23 58 65 74 75 76 77  3
 22 23 58 65 72 76  3
 22 23 58 65 72 74 75  3
 22 23 58 65 70 71 76  3
 22 23 58 65 70 71 74 75  3
 22 23 58 60 65 76  3
 22 23 58 60 65 74 75  3
 22 23 58 59 65 76  11
 22 23 58 59 65 74 75  11
 22 23 51 58 65 76  3
 22 23 51 58 65 74 75  3
 22 23 49 58 65 78  3
 22 23 49 58 65 76 77  3
 22 23 49 58 65 72  3
 22 23 49 58 65 70 71  3
 22 23 49 58 60 65  3
 22 23 49 58 59 65  11
 22 23 49 51 58 65  3
 22 23 45 58 65 76  3
 22 23 45 58 65 74 75  3
 22 23 45 49 58 65  3
 22 23 35 58 65 76 78  1
 22 23 35 58 65 76 77  1
 22 23 35 58 65 74 75 78  1
 22 23 35 58 65 74 75 76 77  1
 22 23 35 58 65 72 76  1
 22 23 35 58 65 72 74 75  1
 22 23 35 58 65 70 71 76  1
 22 23 35 58 65 70 71 74 75  1
 22 23 35 58 60 65 76  1
 22 23 35 58 60 65 74 75  1
 22 23 35 58 59 65 76  5
 22 23 35 58 59 65 74 75  5
 22 23 35 51 58 65 76  1
 22 23 35 51 58 65 74 75  1
 22 23 35 49 58 65 78  1
 22 23 35 49 58 65 76 77  1
 22 23 35 49 58 65 72  1
 22 23 35 49 58 65 70 71  1
 22 23 35 49 58 60 65  1
 22 23 35 49 58 59 65  5
 22 23 35 49 51 58 65  1
 22 23 35 45 58 65 76  1
 22 23 35 45 58 65 74 75  1
 22 23 35 45 49 58 65  1
 22 23 33 34 58 65 76 78  1
 22 23 33 34 58 65 76 77  1
 22 23 33 34 58 65 74 75 78  1
 22 23 33 34 58 65 74 75 76 77  1
 22 23 33 34 58 65 72 76  1
 22 23 33 34 58 65 72 74 75  1
 22 23 33 34 58 65 70 71 76  1
 22 23 33 34 58 65 70 71 74 75  1
 22 23 33 34 58 60 65 76  1
 22 23 33 34 58 60 65 74 75  1
 22 23 33 34 58 59 65 76  5
 22 23 33 34 58 59 65 74 75  5
 22 23 33 34 51 58 65 76  1
 22 23 33 34 51 58 65 74 75  1
 22 23 33 34 49 58 65 78  1
 22 23 33 34 49 58 65 76 77  1
 22 23 33 34 49 58 65 72  1
 22 23 33 34 49 58 65 70 71  1
 22 23 33 34 49 58 60 65  1
 22 23 33 34 49 58 59 65  5
 22 23 33 34 49 51 58 65  1
 22 23 33 34 45 58 65 76  1
 22 23 33 34 45 58 65 74 75  1
 22 23 33 34 45 49 58 65  1
 8 58 65 76 78  1
 8 58 65 76 77  1
 8 58 65 74 75 78  1
 8 58 65 74 75 76 77  1
 8 58 65 72 76  1
 8 58 65 72 74 75  1
 8 58 65 70 71 76  1
 8 58 65 70 71 74 75  1
 8 58 65 66 76 78  1
 8 58 65 66 76 77  1
 8 58 65 66 74 75 78  1
 8 58 65 66 74 75 76 77  1
 8 58 65 66 72 76  1
 8 58 65 66 72 74 75  1
 8 58 65 66 70 71 76  1
 8 58 65 66 70 71 74 75  1
 8 58 60 65 76  1
 8 58 60 65 74 75  1
 8 58 60 65 66 76  1
 8 58 60 65 66 74 75  1
 8 58 59 65 76  5
 8 58 59 65 74 75  5
 8 58 59 65 66 76  5
 8 58 59 65 66 74 75  5
 8 51 58 65 76  1
 8 51 58 65 74 75  1
 8 51 58 65 66 76  1
 8 51 58 65 66 74 75  1
 8 49 58 65 78  1
 8 49 58 65 76 77  1
 8 49 58 65 72  1
 8 49 58 65 70 71  1
 8 49 58 65 66 78  1
 8 49 58 65 66 76 77  1
 8 49 58 65 66 72  1
 8 49 58 65 66 70 71  1
 8 49 58 60 65  1
 8 49 58 60 65 66  1
 8 49 58 59 65  5
 8 49 58 59 65 66  5
 8 49 51 58 65  1
 8 49 51 58 65 66  1
 8 45 58 65 76  1
 8 45 58 65 74 75  1
 8 45 58 65 66 76  1
 8 45 58 65 66 74 75  1
 8 45 49 58 65  1
 8 45 49 58 65 66  1
 8 33 58 65 76  5
 8 33 58 65 76 78  1
 8 33 58 65 76 77  1
 8 33 58 65 74 75  5
 8 33 58 65 74 75 78  1
 8 33 58 65 74 75 76 77  1
 8 33 58 65 72 76  1
 8 33 58 65 72 74 75  1
 8 33 58 65 70 71 76  1
 8 33 58 65 70 71 74 75  1
 8 33 58 60 65 76  1
 8 33 58 60 65 74 75  1
 8 33 51 58 65 76  1
 8 33 51 58 65 74 75  1
 8 33 49 58 65  5
 8 33 49 58 65 78  1
 8 33 49 58 65 76 77  1
 8 33 49 58 65 72  1
 8 33 49 58 65 70 71  1
 8 33 49 58 60 65  1
 8 33 49 51 58 65  1
 8 33 45 58 65 76  1
 8 33 45 58 65 74 75  1
 8 33 45 49 58 65  1
 8 31 32 58 65 76 78  1
 8 31 32 58 65 76 77  1
 8 31 32 58 65 74 75 78  1
 8 31 32 58 65 74 75 76 77  1
 8 31 32 58 65 72 76  1
 8 31 32 58 65 72 74 75  1
 8 31 32 58 65 70 71 76  1
 8 31 32 58 65 70 71 74 75  1
 8 31 32 58 60 65 76  1
 8 31 32 58 60 65 74 75  1
 8 31 32 51 58 65 76  1
 8 31 32 51 58 65 74 75  1
 8 31 32 49 58 65 78  1
 8 31 32 49 58 65 76 77  1
 8 31 32 49 58 65 72  1
 8 31 32 49 58 65 70 71  1
 8 31 32 49 58 60 65  1
 8 31 32 49 51 58 65  1
 8 31 32 45 58 65 76  1
 8 31 32 45 58 65 74 75  1
 8 31 32 45 49 58 65  1
 8 24 58 65 76 78  1
 8 24 58 65 76 77  1
 8 24 58 65 74 75 78  1
 8 24 58 65 74 75 76 77  1
 8 24 58 65 72 76  1
 8 24 58 65 72 74 75  1
 8 24 58 65 70 71 76  1
 8 24 58 65 70 71 74 75  1
 8 24 58 60 65 76  1
 8 24 58 60 65 74 75  1
 8 24 58 59 65 76  5
 8 24 58 59 65 74 75  5
 8 24 51 58 65 76  1
 8 24 51 58 65 74 75  1
 8 24 49 58 65 78  1
 8 24 49 58 65 76 77  1
 8 24 49 58 65 72  1
 8 24 49 58 65 70 71  1
 8 24 49 58 60 65  1
 8 24 49 58 59 65  5
 8 24 49 51 58 65  1
 8 24 45 58 65 76  1
 8 24 45 58 65 74 75  1
 8 24 45 49 58 65  1
 8 22 23 58 65 76 78  1
 8 22 23 58 65 76 77  1
 8 22 23 58 65 74 75 78  1
 8 22 23 58 65 74 75 76 77  1
 8 22 23 58 65 72 76  1
 8 22 23 58 65 72 74 75  1
 8 22 23 58 65 70 71 76  1
 8 22 23 58 65 70 71 74 75  1
 8 22 23 58 60 65 76  1
 8 22 23 58 60 65 74 75  1
 8 22 23 58 59 65 76  5
 8 22 23 58 59 65 74 75  5
 8 22 23 51 58 65 76  1
 8 22 23 51 58 65 74 75  1
 8 22 23 49 58 65 78  1
 8 22 23 49 58 65 76 77  1
 8 22 23 49 58 65 72  1
 8 22 23 49 58 65 70 71  1
 8 22 23 49 58 60 65  1
 8 22 23 49 58 59 65  5
 8 22 23 49 51 58 65  1
 8 22 23 45 58 65 76  1
 8 22 23 45 58 65 74 75  1
 8 22 23 45 49 58 65  1
 6 58 65 76  15
 6 58 65 76 78  3
 6 58 65 76 77  3
 6 58 65 74 75  15
 6 58 65 74 75 78  3
 6 58 65 74 75 76 77  3
 6 58 65 72 76  3
 6 58 65 72 74 75  3
 6 58 65 70 71 76  3
 6 58 65 70 71 74 75  3
 6 58 65 68 76  1
 6 58 65 68 74 75  1
 6 58 60 65 76  3
 6 58 60 65 74 75  3
 6 51 58 65 76  3
 6 51 58 65 74 75  3
 6 49 58 65  15
 6 49 58 65 78  3
 6 49 58 65 76 77  3
 6 49 58 65 72  3
 6 49 58 65 70 71  3
 6 49 58 65 68  1
 6 49 58 60 65  3
 6 49 51 58 65  3
 6 45 58 65 76  3
 6 45 58 65 74 75  3
 6 45 49 58 65  3
 6 35 58 65 76  5
 6 35 58 65 76 78  1
 6 35 58 65 76 77  1
 6 35 58 65 74 75  5
 6 35 58 65 74 75 78  1
 6 35 58 65 74 75 76 77  1
 6 35 58 65 72 76  1
 6 35 58 65 72 74 75  1
 6 35 58 65 70 71 76  1
 6 35 58 65 70 71 74 75  1
 6 35 58 60 65 76  1
 6 35 58 60 65 74 75  1
 6 35 51 58 65 76  1
 6 35 51 58 65 74 75  1
 6 35 49 58 65  5
 6 35 49 58 65 78  1
 6 35 49 58 65 76 77  1
 6 35 49 58 65 72  1
 6 35 49 58 65 70 71  1
 6 35 49 58 60 65  1
 6 35 49 51 58 65  1
 6 35 45 58 65 76  1
 6 35 45 58 65 74 75  1
 6 35 45 49 58 65  1
 6 33 34 58 65 76  5
 6 33 34 58 65 76 78  1
 6 33 34 58 65 76 77  1
 6 33 34 58 65 74 75  5
 6 33 34 58 65 74 75 78  1
 6 33 34 58 65 74 75 76 77  1
 6 33 34 58 65 72 76  1
 6 33 34 58 65 72 74 75  1
 6 33 34 58 65 70 71 76  1
 6 33 34 58 65 70 71 74 75  1
 6 33 34 58 60 65 76  1
 6 33 34 58 60 65 74 75  1
 6 33 34 51 58 65 76  1
 6 33 34 51 58 65 74 75  1
 6 33 34 49 58 65  5
 6 33 34 49 58 65 78  1
 6 33 34 49 58 65 76 77  1
 6 33 34 49 58 65 72  1
 6 33 34 49 58 65 70 71  1
 6 33 34 49 58 60 65  1
 6 33 34 49 51 58 65  1
 6 33 34 45 58 65 76  1
 6 33 34 45 58 65 74 75  1
 6 33 34 45 49 58 65  1
 6 26 58 65 76  1
 6 26 58 65 74 75  1
 6 26 49 58 65  1
 6 24 25 58 65 76  1
 6 24 25 58 65 74 75  1
 6 24 25 49 58 65  1
 6 8 58 65 76  5
 6 8 58 65 76 78  1
 6 8 58 65 76 77  1
 6 8 58 65 74 75  5
 6 8 58 65 74 75 78  1
 6 8 58 65 74 75 76 77  1
 6 8 58 65 72 76  1
 6 8 58 65 72 74 75  1
 6 8 58 65 70 71 76  1
 6 8 58 65 70 71 74 75  1
 6 8 58 60 65 76  1
 6 8 58 60 65 74 75  1
 6 8 51 58 65 76  1
 6 8 51 58 65 74 75  1
 6 8 49 58 65  5
 6 8 49 58 65 78  1
 6 8 49 58 65 76 77  1
 6 8 49 58 65 72  1
 6 8 49 58 65 70 71  1
 6 8 49 58 60 65  1
 6 8 49 51 58 65  1
 6 8 45 58 65 76  1
 6 8 45 58 65 74 75  1
 6 8 45 49 58 65  1
 33 40 53 55 58 65 78  1
 33 40 53 55 58 65 76 77  1
 33 40 53 54 58 65 78  1
 33 40 53 54 58 65 76 77  1
 33 40 51 53 55 58 65  1
 33 40 51 53 54 58 65  1
 33 40 51 52 55 58 65  1
 33 40 51 52 55 58 65 78  1
 33 40 51 52 55 58 65 76 77  1
 33 40 51 52 53 54 58 65  1
 33 40 51 52 53 54 58 65 78  1
 33 40 51 52 53 54 58 65 76 77  1
 31 32 40 53 55 58 65 78  1
 31 32 40 53 55 58 65 76 77  1
 31 32 40 53 54 58 65 78  1
 31 32 40 53 54 58 65 76 77  1
 31 32 40 51 53 55 58 65  1
 31 32 40 51 53 54 58 65  1
 31 32 40 51 52 55 58 65  1
 31 32 40 51 52 55 58 65 78  1
 31 32 40 51 52 55 58 65 76 77  1
 31 32 40 51 52 53 54 58 65  1
 31 32 40 51 52 53 54 58 65 78  1
 31 32 40 51 52 53 54 58 65 76 77  1
 28 33 40 53 58 65 78  1
 28 33 40 53 58 65 76 77  1
 28 33 40 51 53 58 65  1
 28 33 40 51 52 58 65  1
 28 33 40 51 52 58 65 78  1
 28 33 40 51 52 58 65 76 77  1
 28 31 32 40 53 58 65 78  1
 28 31 32 40 53 58 65 76 77  1
 28 31 32 40 51 53 58 65  1
 28 31 32 40 51 52 58 65  1
 28 31 32 40 51 52 58 65 78  1
 28 31 32 40 51 52 58 65 76 77  1
 26 33 40 55 58 65 78  1
 26 33 40 55 58 65 76 77  1
 26 33 40 53 54 58 65 78  1
 26 33 40 53 54 58 65 76 77  1
 26 33 40 51 55 58 65  1
 26 33 40 51 53 54 58 65  1
 26 31 32 40 55 58 65 78  1
 26 31 32 40 55 58 65 76 77  1
 26 31 32 40 53 54 58 65 78  1
 26 31 32 40 53 54 58 65 76 77  1
 26 31 32 40 51 55 58 65  1
 26 31 32 40 51 53 54 58 65  1
 26 28 33 40 58 65 78  1
 26 28 33 40 58 65 76 77  1
 26 28 33 40 51 58 65  1
 26 28 31 32 40 58 65 78  1
 26 28 31 32 40 58 65 76 77  1
 26 28 31 32 40 51 58 65  1
 6 40 53 55 58 65 78  1
 6 40 53 55 58 65 76 77  1
 6 40 53 54 58 65 78  1
 6 40 53 54 58 65 76 77  1
 6 40 51 53 55 58 65  1
 6 40 51 53 54 58 65  1
 6 40 51 52 55 58 65  1
 6 40 51 52 55 58 65 78  1
 6 40 51 52 55 58 65 76 77  1
 6 40 51 52 53 54 58 65  1
 6 40 51 52 53 54 58 65 78  1
 6 40 51 52 53 54 58 65 76 77  1
 6 28 40 53 58 65 78  1
 6 28 40 53 58 65 76 77  1
 6 28 40 51 53 58 65  1
 6 28 40 51 52 58 65  1
 6 28 40 51 52 58 65 78  1
 6 28 40 51 52 58 65 76 77  1
 6 26 40 55 58 65 78  1
 6 26 40 55 58 65 76 77  1
 6 26 40 53 54 58 65 78  1
 6 26 40 53 54 58 65 76 77  1
 6 26 40 51 55 58 65  1
 6 26 40 51 53 54 58 65  1
 6 26 28 40 58 65 78  1
 6 26 28 40 58 65 76 77  1
 6 26 28 40 51 58 65  1
 24 41 53 58 65 76 78  1
 24 41 53 58 65 76 77  3
 24 41 53 58 65 74 75 78  1
 24 41 53 58 65 74 75 76 77  1
 24 41 53 58 65 67 78  1
 24 41 53 58 65 67 76 77  1
 24 41 53 58 65 66 78  1
 24 41 53 58 65 66 76 77  1
 24 41 51 53 58 65 76  1
 24 41 51 53 58 65 74 75  1
 24 41 51 53 58 65 67  1
 24 41 51 53 58 65 66  1
 24 41 51 52 58 65 76  1
 24 41 51 52 58 65 76 78  1
 24 41 51 52 58 65 76 77  3
 24 41 51 52 58 65 74 75  1
 24 41 51 52 58 65 74 75 78  1
 24 41 51 52 58 65 74 75 76 77  1
 24 41 51 52 58 65 67  1
 24 41 51 52 58 65 67 78  1
 24 41 51 52 58 65 67 76 77  1
 24 41 51 52 58 65 66  1
 24 41 51 52 58 65 66 78  1
 24 41 51 52 58 65 66 76 77  1
 24 41 49 53 58 65 78  1
 24 41 49 53 58 65 76 77  1
 24 41 49 51 53 58 65  1
 24 41 49 51 52 58 65  1
 24 41 49 51 52 58 65 78  1
 24 41 49 51 52 58 65 76 77  1
 24 40 41 53 58 65 78  1
 24 40 41 53 58 65 76 77  1
 24 40 41 51 53 58 65  1
 24 40 41 51 52 58 65  1
 24 40 41 51 52 58 65 78  1
 24 40 41 51 52 58 65 76 77  1
 24 39 40 53 58 65 78  3
 24 39 40 53 58 65 76 78  1
 24 39 40 53 58 65 74 75 78  1
 24 39 40 53 58 65 74 75 76 77  1
 24 39 40 53 58 65 67 78  1
 24 39 40 53 58 65 67 76 77  1
 24 39 40 53 58 65 66 78  1
 24 39 40 53 58 65 66 76 77  1
 24 39 40 51 53 58 65  3
 24 39 40 51 53 58 65 76  1
 24 39 40 51 53 58 65 74 75  1
 24 39 40 51 53 58 65 67  1
 24 39 40 51 53 58 65 66  1
 24 39 40 51 52 58 65  3
 24 39 40 51 52 58 65 78  3
 24 39 40 51 52 58 65 76  1
 24 39 40 51 52 58 65 76 78  1
 24 39 40 51 52 58 65 74 75  1
 24 39 40 51 52 58 65 74 75 78  1
 24 39 40 51 52 58 65 74 75 76 77  1
 24 39 40 51 52 58 65 67  1
 24 39 40 51 52 58 65 67 78  1
 24 39 40 51 52 58 65 67 76 77  1
 24 39 40 51 52 58 65 66  1
 24 39 40 51 52 58 65 66 78  1
 24 39 40 51 52 58 65 66 76 77  1
 24 39 40 49 53 58 65 78  1
 24 39 40 49 53 58 65 76 77  1
 24 39 40 49 51 53 58 65  1
 24 39 40 49 51 52 58 65  1
 24 39 40 49 51 52 58 65 78  1
 24 39 40 49 51 52 58 65 76 77  1
 24 26 41 58 65 76 78  1
 24 26 41 58 65 76 77  3
 24 26 41 58 65 74 75 78  1
 24 26 41 58 65 74 75 76 77  1
 24 26 41 58 65 67 78  1
 24 26 41 58 65 67 76 77  1
 24 26 41 58 65 66 78  1
 24 26 41 58 65 66 76 77  1
 24 26 41 51 58 65 76  1
 24 26 41 51 58 65 74 75  1
 24 26 41 51 58 65 67  1
 24 26 41 51 58 65 66  1
 24 26 41 49 58 65 78  1
 24 26 41 49 58 65 76 77  1
 24 26 41 49 51 58 65  1
 24 26 40 41 58 65 78  1
 24 26 40 41 58 65 76 77  1
 24 26 40 41 51 58 65  1
 24 26 39 40 58 65 78  3
 24 26 39 40 58 65 76 78  1
 24 26 39 40 58 65 74 75 78  1
 24 26 39 40 58 65 74 75 76 77  1
 24 26 39 40 58 65 67 78  1
 24 26 39 40 58 65 67 76 77  1
 24 26 39 40 58 65 66 78  1
 24 26 39 40 58 65 66 76 77  1
 24 26 39 40 51 58 65  3
 24 26 39 40 51 58 65 76  1
 24 26 39 40 51 58 65 74 75  1
 24 26 39 40 51 58 65 67  1
 24 26 39 40 51 58 65 66  1
 24 26 39 40 49 58 65 78  1
 24 26 39 40 49 58 65 76 77  1
 24 26 39 40 49 51 58 65  1
 14 24 53 58 65 76 78  1
 14 24 53 58 65 76 77  3
 14 24 53 58 65 74 75 78  1
 14 24 53 58 65 74 75 76 77  1
 14 24 53 58 65 67 78  1
 14 24 53 58 65 67 76 77  1
 14 24 53 58 65 66 78  1
 14 24 53 58 65 66 76 77  1
 14 24 51 53 58 65 76  1
 14 24 51 53 58 65 74 75  1
 14 24 51 53 58 65 67  1
 14 24 51 53 58 65 66  1
 14 24 51 52 58 65 76  1
 14 24 51 52 58 65 76 78  1
 14 24 51 52 58 65 76 77  3
 14 24 51 52 58 65 74 75  1
 14 24 51 52 58 65 74 75 78  1
 14 24 51 52 58 65 74 75 76 77  1
 14 24 51 52 58 65 67  1
 14 24 51 52 58 65 67 78  1
 14 24 51 52 58 65 67 76 77  1
 14 24 51 52 58 65 66  1
 14 24 51 52 58 65 66 78  1
 14 24 51 52 58 65 66 76 77  1
 14 24 49 53 58 65 78  1
 14 24 49 53 58 65 76 77  1
 14 24 49 51 53 58 65  1
 14 24 49 51 52 58 65  1
 14 24 49 51 52 58 65 78  1
 14 24 49 51 52 58 65 76 77  1
 14 24 40 53 58 65 78  1
 14 24 40 53 58 65 76 77  1
 14 24 40 51 53 58 65  1
 14 24 40 51 52 58 65  1
 14 24 40 51 52 58 65 78  1
 14 24 40 51 52 58 65 76 77  1
 14 24 26 58 65 76 78  1
 14 24 26 58 65 76 77  3
 14 24 26 58 65 74 75 78  1
 14 24 26 58 65 74 75 76 77  1
 14 24 26 58 65 67 78  1
 14 24 26 58 65 67 76 77  1
 14 24 26 58 65 66 78  1
 14 24 26 58 65 66 76 77  1
 14 24 26 51 58 65 76  1
 14 24 26 51 58 65 74 75  1
 14 24 26 51 58 65 67  1
 14 24 26 51 58 65 66  1
 14 24 26 49 58 65 78  1
 14 24 26 49 58 65 76 77  1
 14 24 26 49 51 58 65  1
 14 24 26 40 58 65 78  1
 14 24 26 40 58 65 76 77  1
 14 24 26 40 51 58 65  1
 39 56  1
 39 56 66  1
 39 56 64 65  1
 39 40 56  3
 39 40 56 66  1
 39 40 56 64 65  1
 37 38 56 66  1
 37 38 56 64 65  1
 37 38 40 56 66  1
 37 38 40 56 64 65  1
 37 38 39 56  1
 37 38 39 40 56  3
 12 56 66  1
 12 56 64 65  1
 12 40 56 66  1
 12 40 56 64 65  1
 12 39 56  1
 12 39 40 56  3
 54 71  1
 54 69 70  1
 53 71  1
 53 69 70  1
 53 67 71  1
 53 67 69 70  1
 53 66 71  1
 53 66 69 70  1
 53 64 71  5
 53 64 69 70  5
 53 63 64 66 71  1
 53 63 64 66 69 70  1
 53 63 64 65 71  1
 53 63 64 65 69 70  1
 52 53 71  1
 52 53 69 70  1
 51 52 71  1
 51 52 69 70  1
 51 52 67 71  1
 51 52 67 69 70  1
 51 52 66 71  1
 51 52 66 69 70  1
 51 52 64 71  5
 51 52 64 69 70  5
 51 52 63 64 66 71  1
 51 52 63 64 66 69 70  1
 51 52 63 64 65 71  1
 51 52 63 64 65 69 70  1
 44 54  1
 44 53  1
 44 53 67  1
 44 53 66  1
 44 53 64  5
 44 53 63 64 66  1
 44 53 63 64 65  1
 44 52 53  1
 44 51 52  1
 44 51 52 67  1
 44 51 52 66  1
 44 51 52 64  5
 44 51 52 63 64 66  1
 44 51 52 63 64 65  1
 41 68 71  1
 41 68 69 70  1
 41 44 68  1
 40 53 71  1
 40 53 69 70  1
 40 51 52 71  1
 40 51 52 69 70  1
 40 44 53  1
 40 44 51 52  1
 39 71  23
 39 69 70  31
 39 58 68 71  1
 39 58 68 69 70  1
 39 53 71  1
 39 53 69 70  1
 39 53 65 71  1
 39 53 65 69 70  1
 39 53 63 64 71  1
 39 53 63 64 69 70  1
 39 51 52 71  1
 39 51 52 69 70  1
 39 51 52 65 71  1
 39 51 52 65 69 70  1
 39 51 52 63 64 71  1
 39 51 52 63 64 69 70  1
 39 44  23
 39 44 58 68  1
 39 44 53  1
 39 44 53 65  1
 39 44 53 63 64  1
 39 44 51 52  1
 39 44 51 52 65  1
 39 44 51 52 63 64  1
 39 40 68 71  1
 39 40 68 69 70  1
 39 40 44 68  1
 38 53 66 71  1
 38 53 66 69 70  1
 38 53 64 65 71  1
 38 53 64 65 69 70  1
 38 51 52 66 71  1
 38 51 52 66 69 70  1
 38 51 52 64 65 71  1
 38 51 52 64 65 69 70  1
 38 44 53 66  1
 38 44 53 64 65  1
 38 44 51 52 66  1
 38 44 51 52 64 65  1
 38 39 53 71  1
 38 39 53 69 70  1
 38 39 51 52 71  1
 38 39 51 52 69 70  1
 38 39 44 53  1
 38 39 44 51 52  1
 37 38 71  9
 37 38 69 70  13
 37 38 58 68 71  1
 37 38 58 68 69 70  1
 37 38 44  9
 37 38 44 58 68  1
 28 41 71  1
 28 41 69 70  1
 28 41 44  1
 28 39 59 71  1
 28 39 59 69 70  1
 28 39 58 71  3
 28 39 58 69 71  1
 28 39 58 67 68 71  1
 28 39 58 67 68 69 70  1
 28 39 55 56 58 71  1
 28 39 55 56 58 69 70  1
 28 39 44 59  1
 28 39 44 58  3
 28 39 44 58 69  1
 28 39 44 58 67 68  1
 28 39 44 55 56 58  1
 28 39 42 58 71  1
 28 39 42 58 69 70  1
 28 39 42 44 58  1
 28 39 40 71  1
 28 39 40 69 70  1
 28 39 40 44  1
 28 37 38 59 71  1
 28 37 38 59 69 70  1
 28 37 38 58 71  3
 28 37 38 58 69 71  1
 28 37 38 58 67 68 71  1
 28 37 38 58 67 68 69 70  1
 28 37 38 55 56 58 71  1
 28 37 38 55 56 58 69 70  1
 28 37 38 44 59  1
 28 37 38 44 58  3
 28 37 38 44 58 69  1
 28 37 38 44 58 67 68  1
 28 37 38 44 55 56 58  1
 28 37 38 42 58 71  1
 28 37 38 42 58 69 70  1
 28 37 38 42 44 58  1
 26 71  1
 26 69 70  1
 26 67 71  1
 26 67 69 70  1
 26 66 71  1
 26 66 69 70  1
 26 64 71  5
 26 64 69 70  5
 26 63 64 66 71  1
 26 63 64 66 69 70  1
 26 63 64 65 71  1
 26 63 64 65 69 70  1
 26 44  1
 26 44 67  1
 26 44 66  1
 26 44 64  5
 26 44 63 64 66  1
 26 44 63 64 65  1
 26 41 71  1
 26 41 69 70  1
 26 41 44  1
 26 40 71  1
 26 40 69 70  1
 26 40 44  1
 26 39 71  1
 26 39 69 70  1
 26 39 65 71  1
 26 39 65 69 70  1
 26 39 63 64 71  1
 26 39 63 64 69 70  1
 26 39 58 71  1
 26 39 58 69 70  1
 26 39 44  1
 26 39 44 65  1
 26 39 44 63 64  1
 26 39 44 58  1
 26 39 40 71  1
 26 39 40 69 70  1
 26 39 40 44  1
 26 38 66 71  1
 26 38 66 69 70  1
 26 38 64 65 71  1
 26 38 64 65 69 70  1
 26 38 44 66  1
 26 38 44 64 65  1
 26 38 39 71  1
 26 38 39 69 70  1
 26 38 39 44  1
 26 37 38 58 71  1
 26 37 38 58 69 70  1
 26 37 38 44 58  1
 26 27 41 71  1
 26 27 41 69 70  1
 26 27 41 44  1
 26 27 39 59 71  1
 26 27 39 59 69 70  1
 26 27 39 58 71  3
 26 27 39 58 69 71  1
 26 27 39 58 67 68 71  1
 26 27 39 58 67 68 69 70  1
 26 27 39 55 56 58 71  1
 26 27 39 55 56 58 69 70  1
 26 27 39 44 59  1
 26 27 39 44 58  3
 26 27 39 44 58 69  1
 26 27 39 44 58 67 68  1
 26 27 39 44 55 56 58  1
 26 27 39 42 58 71  1
 26 27 39 42 58 69 70  1
 26 27 39 42 44 58  1
 26 27 39 40 71  1
 26 27 39 40 69 70  1
 26 27 39 40 44  1
 26 27 37 38 59 71  1
 26 27 37 38 59 69 70  1
 26 27 37 38 58 71  3
 26 27 37 38 58 69 71  1
 26 27 37 38 58 67 68 71  1
 26 27 37 38 58 67 68 69 70  1
 26 27 37 38 55 56 58 71  1
 26 27 37 38 55 56 58 69 70  1
 26 27 37 38 44 59  1
 26 27 37 38 44 58  3
 26 27 37 38 44 58 69  1
 26 27 37 38 44 58 67 68  1
 26 27 37 38 44 55 56 58  1
 26 27 37 38 42 58 71  1
 26 27 37 38 42 58 69 70  1
 26 27 37 38 42 44 58  1
 24 25 41 71  1
 24 25 41 69 70  1
 24 25 41 44  1
 24 25 39 58 71  1
 24 25 39 58 69 70  1
 24 25 39 44 58  1
 24 25 39 40 71  1
 24 25 39 40 69 70  1
 24 25 39 40 44  1
 24 25 37 38 58 71  1
 24 25 37 38 58 69 70  1
 24 25 37 38 44 58  1
 22 53 71  5
 22 53 69 70  5
 22 51 52 71  5
 22 51 52 69 70  5
 22 44 53  5
 22 44 51 52  5
 22 26 71  5
 22 26 69 70  5
 22 26 44  5
 20 21 53 71  5
 20 21 53 69 70  5
 20 21 51 52 71  5
 20 21 51 52 69 70  5
 20 21 44 53  5
 20 21 44 51 52  5
 20 21 26 71  5
 20 21 26 69 70  5
 20 21 26 44  5
 14 68 71  1
 14 68 69 70  1
 14 44 68  1
 14 28 71  1
 14 28 69 70  1
 14 28 44  1
 14 26 71  1
 14 26 69 70  1
 14 26 44  1
 14 26 27 71  1
 14 26 27 69 70  1
 14 26 27 44  1
 14 24 25 71  1
 14 24 25 69 70  1
 14 24 25 44  1
 12 71  9
 12 69 70  13
 12 58 68 71  1
 12 58 68 69 70  1
 12 44  9
 12 44 58 68  1
 12 28 59 71  1
 12 28 59 69 70  1
 12 28 58 71  3
 12 28 58 69 71  1
 12 28 58 67 68 71  1
 12 28 58 67 68 69 70  1
 12 28 55 56 58 71  1
 12 28 55 56 58 69 70  1
 12 28 44 59  1
 12 28 44 58  3
 12 28 44 58 69  1
 12 28 44 58 67 68  1
 12 28 44 55 56 58  1
 12 28 42 58 71  1
 12 28 42 58 69 70  1
 12 28 42 44 58  1
 12 26 58 71  1
 12 26 58 69 70  1
 12 26 44 58  1
 12 26 27 59 71  1
 12 26 27 59 69 70  1
 12 26 27 58 71  3
 12 26 27 58 69 71  1
 12 26 27 58 67 68 71  1
 12 26 27 58 67 68 69 70  1
 12 26 27 55 56 58 71  1
 12 26 27 55 56 58 69 70  1
 12 26 27 44 59  1
 12 26 27 44 58  3
 12 26 27 44 58 69  1
 12 26 27 44 58 67 68  1
 12 26 27 44 55 56 58  1
 12 26 27 42 58 71  1
 12 26 27 42 58 69 70  1
 12 26 27 42 44 58  1
 12 24 25 58 71  1
 12 24 25 58 69 70  1
 12 24 25 44 58  1
 1 41 71  1
 1 41 69 70  1
 1 41 44  1
 1 39 59 71  1
 1 39 59 69 70  1
 1 39 58 71  3
 1 39 58 69 71  1
 1 39 58 67 68 71  1
 1 39 58 67 68 69 70  1
 1 39 55 56 58 71  1
 1 39 55 56 58 69 70  1
 1 39 44 59  1
 1 39 44 58  3
 1 39 44 58 69  1
 1 39 44 58 67 68  1
 1 39 44 55 56 58  1
 1 39 42 58 71  1
 1 39 42 58 69 70  1
 1 39 42 44 58  1
 1 39 40 71  1
 1 39 40 69 70  1
 1 39 40 44  1
 1 37 38 59 71  1
 1 37 38 59 69 70  1
 1 37 38 58 71  3
 1 37 38 58 69 71  1
 1 37 38 58 67 68 71  1
 1 37 38 58 67 68 69 70  1
 1 37 38 55 56 58 71  1
 1 37 38 55 56 58 69 70  1
 1 37 38 44 59  1
 1 37 38 44 58  3
 1 37 38 44 58 69  1
 1 37 38 44 58 67 68  1
 1 37 38 44 55 56 58  1
 1 37 38 42 58 71  1
 1 37 38 42 58 69 70  1
 1 37 38 42 44 58  1
 1 14 71  1
 1 14 69 70  1
 1 14 44  1
 1 12 59 71  1
 1 12 59 69 70  1
 1 12 58 71  3
 1 12 58 69 71  1
 1 12 58 67 68 71  1
 1 12 58 67 68 69 70  1
 1 12 55 56 58 71  1
 1 12 55 56 58 69 70  1
 1 12 44 59  1
 1 12 44 58  3
 1 12 44 58 69  1
 1 12 44 58 67 68  1
 1 12 44 55 56 58  1
 1 12 42 58 71  1
 1 12 42 58 69 70  1
 1 12 42 44 58  1
 33 35 65 76  1
 33 35 65 74 75  1
 33 35 49 65  1
 33 34 65 76  1
 33 34 65 74 75  1
 33 34 49 65  1
 31 32 35 65 76  1
 31 32 35 65 74 75  1
 31 32 35 49 65  1
 31 32 33 34 65 76  1
 31 32 33 34 65 74 75  1
 31 32 33 34 49 65  1
 8 33 65 76  1
 8 33 65 74 75  1
 8 33 49 65  1
 8 31 32 65 76  1
 8 31 32 65 74 75  1
 8 31 32 49 65  1
 6 35 65 76  1
 6 35 65 74 75  1
 6 35 49 65  1
 6 33 34 65 76  1
 6 33 34 65 74 75  1
 6 33 34 49 65  1
 6 8 65 76  1
 6 8 65 74 75  1
 6 8 49 65  1
 41 53 58 65 76 78  1
 41 53 58 65 76 77  3
 41 53 58 65 74 75 78  1
 41 53 58 65 74 75 76 77  1
 41 53 58 65 67 78  1
 41 53 58 65 67 76 77  1
 41 53 58 65 66 76 78  1
 41 53 58 65 66 76 77  3
 41 53 58 65 66 74 75 78  1
 41 53 58 65 66 74 75 76 77  1
 41 53 58 65 66 67 78  1
 41 53 58 65 66 67 76 77  1
 41 51 53 58 65 76  1
 41 51 53 58 65 74 75  1
 41 51 53 58 65 67  1
 41 51 53 58 65 66 76  1
 41 51 53 58 65 66 74 75  1
 41 51 53 58 65 66 67  1
 41 51 52 58 65 76  1
 41 51 52 58 65 76 78  1
 41 51 52 58 65 76 77  3
 41 51 52 58 65 74 75  1
 41 51 52 58 65 74 75 78  1
 41 51 52 58 65 74 75 76 77  1
 41 51 52 58 65 67  1
 41 51 52 58 65 67 78  1
 41 51 52 58 65 67 76 77  1
 41 51 52 58 65 66 76  1
 41 51 52 58 65 66 76 78  1
 41 51 52 58 65 66 76 77  3
 41 51 52 58 65 66 74 75  1
 41 51 52 58 65 66 74 75 78  1
 41 51 52 58 65 66 74 75 76 77  1
 41 51 52 58 65 66 67  1
 41 51 52 58 65 66 67 78  1
 41 51 52 58 65 66 67 76 77  1
 41 49 53 58 65 78  1
 41 49 53 58 65 76 77  1
 41 49 53 58 65 66 78  1
 41 49 53 58 65 66 76 77  1
 41 49 51 53 58 65  1
 41 49 51 53 58 65 66  1
 41 49 51 52 58 65  1
 41 49 51 52 58 65 78  1
 41 49 51 52 58 65 76 77  1
 41 49 51 52 58 65 66  1
 41 49 51 52 58 65 66 78  1
 41 49 51 52 58 65 66 76 77  1
 40 41 53 58 65 78  1
 40 41 53 58 65 76 77  1
 40 41 53 58 65 66 78  1
 40 41 53 58 65 66 76 77  1
 40 41 51 53 58 65  1
 40 41 51 53 58 65 66  1
 40 41 51 52 58 65  1
 40 41 51 52 58 65 78  1
 40 41 51 52 58 65 76 77  1
 40 41 51 52 58 65 66  1
 40 41 51 52 58 65 66 78  1
 40 41 51 52 58 65 66 76 77  1
 26 41 58 65 76 78  1
 26 41 58 65 76 77  3
 26 41 58 65 74 75 78  1
 26 41 58 65 74 75 76 77  1
 26 41 58 65 67 78  1
 26 41 58 65 67 76 77  1
 26 41 58 65 66 76 78  1
 26 41 58 65 66 76 77  3
 26 41 58 65 66 74 75 78  1
 26 41 58 65 66 74 75 76 77  1
 26 41 58 65 66 67 78  1
 26 41 58 65 66 67 76 77  1
 26 41 51 58 65 76  1
 26 41 51 58 65 74 75  1
 26 41 51 58 65 67  1
 26 41 51 58 65 66 76  1
 26 41 51 58 65 66 74 75  1
 26 41 51 58 65 66 67  1
 26 41 49 58 65 78  1
 26 41 49 58 65 76 77  1
 26 41 49 58 65 66 78  1
 26 41 49 58 65 66 76 77  1
 26 41 49 51 58 65  1
 26 41 49 51 58 65 66  1
 26 40 41 58 65 78  1
 26 40 41 58 65 76 77  1
 26 40 41 58 65 66 78  1
 26 40 41 58 65 66 76 77  1
 26 40 41 51 58 65  1
 26 40 41 51 58 65 66  1
 53 55 58 65 67 78  3
 53 55 58 65 67 76 77  3
 53 55 58 65 66 78  3
 53 55 58 65 66 76 77  3
 53 54 58 65 67 78  3
 53 54 58 65 67 76 77  3
 53 54 58 65 66 78  3
 53 54 58 65 66 76 77  3
 51 53 55 58 65 67  3
 51 53 55 58 65 66  3
 51 53 54 58 65 67  3
 51 53 54 58 65 66  3
 51 52 55 58 65 67  3
 51 52 55 58 65 67 78  3
 51 52 55 58 65 67 76 77  3
 51 52 55 58 65 66  3
 51 52 55 58 65 66 78  3
 51 52 55 58 65 66 76 77  3
 51 52 53 54 58 65 67  3
 51 52 53 54 58 65 67 78  3
 51 52 53 54 58 65 67 76 77  3
 51 52 53 54 58 65 66  3
 51 52 53 54 58 65 66 78  3
 51 52 53 54 58 65 66 76 77  3
 40 53 55 58 65 78  3
 40 53 55 58 65 76 77  3
 40 53 54 58 65 78  3
 40 53 54 58 65 76 77  3
 40 51 53 55 58 65  3
 40 51 53 54 58 65  3
 40 51 52 55 58 65  3
 40 51 52 55 58 65 78  3
 40 51 52 55 58 65 76 77  3
 40 51 52 53 54 58 65  3
 40 51 52 53 54 58 65 78  3
 40 51 52 53 54 58 65 76 77  3
 28 53 58 65 67 78  3
 28 53 58 65 67 76 77  3
 28 53 58 65 66 78  3
 28 53 58 65 66 76 77  3
 28 51 53 58 65 67  3
 28 51 53 58 65 66  3
 28 51 52 58 65 67  3
 28 51 52 58 65 67 78  3
 28 51 52 58 65 67 76 77  3
 28 51 52 58 65 66  3
 28 51 52 58 65 66 78  3
 28 51 52 58 65 66 76 77  3
 28 40 53 58 65 78  3
 28 40 53 58 65 76 77  3
 28 40 51 53 58 65  3
 28 40 51 52 58 65  3
 28 40 51 52 58 65 78  3
 28 40 51 52 58 65 76 77  3
 26 55 58 65 67 78  3
 26 55 58 65 67 76 77  3
 26 55 58 65 66 78  3
 26 55 58 65 66 76 77  3
 26 53 54 58 65 67 78  3
 26 53 54 58 65 67 76 77  3
 26 53 54 58 65 66 78  3
 26 53 54 58 65 66 76 77  3
 26 51 55 58 65 67  3
 26 51 55 58 65 66  3
 26 51 53 54 58 65 67  3
 26 51 53 54 58 65 66  3
 26 40 55 58 65 78  3
 26 40 55 58 65 76 77  3
 26 40 53 54 58 65 78  3
 26 40 53 54 58 65 76 77  3
 26 40 51 55 58 65  3
 26 40 51 53 54 58 65  3
 26 28 58 65 67 78  3
 26 28 58 65 67 76 77  3
 26 28 58 65 66 78  3
 26 28 58 65 66 76 77  3
 26 28 51 58 65 67  3
 26 28 51 58 65 66  3
 26 28 40 58 65 78  3
 26 28 40 58 65 76 77  3
 26 28 40 51 58 65  3
 39 40 53 58 65 78  3
 39 40 53 58 65 76 78  1
 39 40 53 58 65 74 75 78  1
 39 40 53 58 65 74 75 76 77  1
 39 40 53 58 65 67 78  1
 39 40 53 58 65 67 76 77  1
 39 40 53 58 65 66 78  3
 39 40 53 58 65 66 76 78  1
 39 40 53 58 65 66 74 75 78  1
 39 40 53 58 65 66 74 75 76 77  1
 39 40 53 58 65 66 67 78  1
 39 40 53 58 65 66 67 76 77  1
 39 40 51 53 58 65  3
 39 40 51 53 58 65 76  1
 39 40 51 53 58 65 74 75  1
 39 40 51 53 58 65 67  1
 39 40 51 53 58 65 66  3
 39 40 51 53 58 65 66 76  1
 39 40 51 53 58 65 66 74 75  1
 39 40 51 53 58 65 66 67  1
 39 40 51 52 58 65  3
 39 40 51 52 58 65 78  3
 39 40 51 52 58 65 76  1
 39 40 51 52 58 65 76 78  1
 39 40 51 52 58 65 74 75  1
 39 40 51 52 58 65 74 75 78  1
 39 40 51 52 58 65 74 75 76 77  1
 39 40 51 52 58 65 67  1
 39 40 51 52 58 65 67 78  1
 39 40 51 52 58 65 67 76 77  1
 39 40 51 52 58 65 66  3
 39 40 51 52 58 65 66 78  3
 39 40 51 52 58 65 66 76  1
 39 40 51 52 58 65 66 76 78  1
 39 40 51 52 58 65 66 74 75  1
 39 40 51 52 58 65 66 74 75 78  1
 39 40 51 52 58 65 66 74 75 76 77  1
 39 40 51 52 58 65 66 67  1
 39 40 51 52 58 65 66 67 78  1
 39 40 51 52 58 65 66 67 76 77  1
 39 40 49 53 58 65 78  1
 39 40 49 53 58 65 76 77  1
 39 40 49 53 58 65 66 78  1
 39 40 49 53 58 65 66 76 77  1
 39 40 49 51 53 58 65  1
 39 40 49 51 53 58 65 66  1
 39 40 49 51 52 58 65  1
 39 40 49 51 52 58 65 78  1
 39 40 49 51 52 58 65 76 77  1
 39 40 49 51 52 58 65 66  1
 39 40 49 51 52 58 65 66 78  1
 39 40 49 51 52 58 65 66 76 77  1
 26 39 40 58 65 78  3
 26 39 40 58 65 76 78  1
 26 39 40 58 65 74 75 78  1
 26 39 40 58 65 74 75 76 77  1
 26 39 40 58 65 67 78  1
 26 39 40 58 65 67 76 77  1
 26 39 40 58 65 66 78  3
 26 39 40 58 65 66 76 78  1
 26 39 40 58 65 66 74 75 78  1
 26 39 40 58 65 66 74 75 76 77  1
 26 39 40 58 65 66 67 78  1
 26 39 40 58 65 66 67 76 77  1
 26 39 40 51 58 65  3
 26 39 40 51 58 65 76  1
 26 39 40 51 58 65 74 75  1
 26 39 40 51 58 65 67  1
 26 39 40 51 58 65 66  3
 26 39 40 51 58 65 66 76  1
 26 39 40 51 58 65 66 74 75  1
 26 39 40 51 58 65 66 67  1
 26 39 40 49 58 65 78  1
 26 39 40 49 58 65 76 77  1
 26 39 40 49 58 65 66 78  1
 26 39 40 49 58 65 66 76 77  1
 26 39 40 49 51 58 65  1
 26 39 40 49 51 58 65 66  1
