 58 61 65 67 68  339
 42 58 61 65  171
  69
 75  1
 73 74  1
 66  1
 64 65  1
 62  1
 62 76  1
 62 74 75  1
 62 67  1
 62 66 76  1
 62 66 74 75  1
 62 65  1
 62 65 66  1
 62 64 65 76  1
 62 64 65 74 75  1
 61 62  1
 60 61  1
 60 61 76  1
 60 61 74 75  1
 60 61 67  1
 60 61 65  1
 60 61 65 66  1
 55  1
 54  1
 52 53  1
 49 62  1
 49 62 66  1
 49 62 64 65  1
 49 60 61  1
 48  1
 45  1
 44  3
 43  3
 43 62  1
 43 62 76  1
 43 62 74 75  1
 43 62 67  1
 43 62 65  1
 43 62 65 66  1
 43 60 61  1
 43 60 61 76  1
 43 60 61 74 75  1
 43 60 61 67  1
 43 60 61 65  1
 43 60 61 65 66  1
 43 49 62  1
 43 49 60 61  1
 43 44  3
 40 62  1
 40 60 61  1
 40 43 62  1
 40 43 60 61  1
 39  1
 39 62 76  1
 39 62 74 75  1
 39 49 62  1
 36  1
 35  1
 35 76  1
 35 74 75  1
 35 67  1
 35 65  1
 35 65 66  1
 35 49  1
 35 43  1
 35 43 76  1
 35 43 74 75  1
 35 43 67  1
 35 43 65  1
 35 43 65 66  1
 35 43 49  1
 35 40  1
 35 40 43  1
 30 76  1
 30 74 75  1
 30 67  1
 30 65  1
 30 65 66  1
 30 49  1
 30 40  1
 27  1
 18  1
 58 61 65 68  3
 58 59 60 61 65 68  3
 58 59 60 61 65 67 68  3
 42 58 59 60 61 65  3
 34 58 61 65 68  3
 34 58 61 65 67 68  3
 34 42 58 61 65  3
 0 58 61 65  3
 0 58 59 60 61 65  3
 0 34 58 61 65  3
