 78  307
 76  435
 76 77  319
 74 78  21
 74 76 77  21
 74 75  435
 72 73 78  21
 72 73 76 77  21
 71 72  25
 67  217
 66  69
 65 66  141
 63 64 78  21
 63 64 76 77  21
 62  9
 61  11
 59 60  9
 56 78  27
 56 76 77  27
 56 57  87
 54 55 78  21
 54 55 76 77  21
 52  9
 51 74  21
 51 72 73  21
 51 63 64  21
 51 56  27
 51 54 55  21
 49  437
 48  63
 48 49  23
 47 78  21
 47 76 77  21
 47 51  21
 46 47  63
 43 62  1
 40  135
 39  51
 38 78  21
 38 76 77  21
 38 51  21
 34  9
 31  103
 29 78  21
 29 76 77  21
 29 51  21
 21  63
 11 50 76  1
 11 50 74 75  1
 11 49 50  1
 11 48 49  1
 11 48 49 76  1
 11 48 49 74 75  1
 11 23 76  1
 11 23 74 75  1
 11 23 49  1
 28 36 39 76  5
 28 36 39 74 75  5
 28 36 39 49  5
 28 36 37 38 76  5
 28 36 37 38 74 75  5
 28 36 37 38 49  5
 26 27 36 39 76  5
 26 27 36 39 74 75  5
 26 27 36 39 49  5
 26 27 36 37 38 76  5
 26 27 36 37 38 74 75  5
 26 27 36 37 38 49  5
 12 28 36 76  5
 12 28 36 74 75  5
 12 28 36 49  5
 12 26 27 36 76  5
 12 26 27 36 74 75  5
 12 26 27 36 49  5
 1 36 39 76  5
 1 36 39 74 75  5
 1 36 39 49  5
 1 36 37 38 76  5
 1 36 37 38 74 75  5
 1 36 37 38 49  5
 1 12 36 76  5
 1 12 36 74 75  5
 1 12 36 49  5
 78 79  1
 77  5
 75 76  5
 73 78  1
 73 76 77  1
 72 73  7
 71 72 78  1
 71 72 76 77  1
 70 71 73  3
 70 71 72  3
 67 78  17
 67 76 77  17
 67 68  37
 67 68 78  5
 67 68 76 77  5
 66 78  1
 66 76 77  3
 66 67  13
 66 67 78  1
 66 67 76 77  1
 64  23
 64 78  5
 64 76 77  5
 64 65 76  23
 64 65 74 75  23
 64 65 67  3
 64 65 66  3
 64 65 66 76  1
 64 65 66 74 75  1
 62 63  9
 61 78  1
 61 76 77  1
 61 62  9
 61 62 64  3
 60 61  3
 59  69
 59 66  7
 59 64 65  7
 59 60 78  1
 59 60 76 77  1
 58 59  39
 58 59 78  5
 58 59 76 77  5
 57 78  13
 57 76 77  15
 57 66 76  1
 57 66 74 75  1
 57 59  1
 57 58 78  1
 57 58 76 77  1
 55 56 76  17
 55 56 74 75  17
 55 56 66 76  1
 55 56 66 74 75  1
 54  5
 54 64  1
 54 55  3
 53  3
 53 54 78  1
 53 54 76 77  1
 52 78  1
 52 76 77  1
 52 60  1
 52 53  3
 52 53 64  1
 51 78  1
 51 76 77  1
 51 73  1
 51 71 72  1
 51 67  17
 51 67 68  5
 51 66  1
 51 66 67  1
 51 64  5
 51 59  9
 51 59 78  1
 51 59 76 77  1
 51 59 60  1
 51 58 59  5
 51 57  13
 51 57 58  1
 51 53 54  1
 51 52  3
 50 78  1
 50 76 77  1
 50 66  25
 50 65 76  1
 50 65 74 75  1
 50 64 65  49
 50 60 78  1
 50 60 76 77  1
 50 51 78  1
 50 51 76 77  1
 50 51 60  1
 49 64 65  23
 49 64 65 66  1
 49 57 66  1
 49 55 56  17
 49 55 56 66  1
 49 50 65  1
 48 76  5
 48 74 75  5
 48 52 66 76  3
 48 52 66 74 75  3
 48 52 64 65 76  3
 48 52 64 65 74 75  3
 48 50  1
 48 50 51 66 76  3
 48 50 51 66 74 75  3
 48 50 51 64 65 76  3
 48 50 51 64 65 74 75  3
 48 49 65  1
 48 49 65 76  1
 48 49 65 74 75  1
 48 49 52 66  3
 48 49 52 64 65  3
 48 49 50 51 66  3
 48 49 50 51 64 65  3
 47  5
 46 72  3
 46 70 71  3
 46 65 76  3
 46 65 74 75  3
 46 52 76  1
 46 52 74 75  1
 46 50 51 76  1
 46 50 51 74 75  1
 46 49 65  3
 46 49 52  1
 46 49 50 51  1
 46 47 76  5
 46 47 74 75  5
 46 47 52 66 76  3
 46 47 52 66 74 75  3
 46 47 52 64 65 76  3
 46 47 52 64 65 74 75  3
 46 47 50  1
 46 47 50 51 66 76  3
 46 47 50 51 66 74 75  3
 46 47 50 51 64 65 76  3
 46 47 50 51 64 65 74 75  3
 46 47 49  5
 46 47 49 52 66  3
 46 47 49 52 64 65  3
 46 47 49 50 51 66  3
 46 47 49 50 51 64 65  3
 45 73  3
 45 71 72  3
 45 64  3
 44 64  1
 44 45 78  1
 44 45 76 77  1
 44 45 65 76  3
 44 45 65 74 75  3
 44 45 52 76  1
 44 45 52 74 75  1
 44 45 51  1
 44 45 50 51 76  1
 44 45 50 51 74 75  1
 44 45 49 65  3
 44 45 49 52  1
 44 45 49 50 51  1
 43 44  3
 43 44 64  1
 42 78  5
 42 76 77  5
 42 51  5
 42 43  1
 41 78  1
 41 76 77  1
 41 51  1
 40 66  3
 40 64 65  3
 39 76  23
 39 74 75  23
 39 67  3
 39 66 76  1
 39 66 74 75  1
 39 65  3
 39 65 66  3
 39 59  7
 39 50  25
 39 49  23
 39 49 66  1
 39 48 52 76  3
 39 48 52 74 75  3
 39 48 50 51 76  3
 39 48 50 51 74 75  3
 39 48 49 52  3
 39 48 49 50 51  3
 39 46 47 52 76  3
 39 46 47 52 74 75  3
 39 46 47 50 51 76  3
 39 46 47 50 51 74 75  3
 39 46 47 49 52  3
 39 46 47 49 50 51  3
 39 40  5
 38  5
 37  7
 36  9
 36 64  3
 33  39
 33 78  5
 33 76  1
 33 76 77  5
 33 74 75  1
 33 51  5
 33 49  1
 32 78  1
 32 76  1
 32 76 77  1
 32 74 75  1
 32 51  1
 32 50 66 76  3
 32 50 66 74 75  3
 32 50 64 65 76  3
 32 50 64 65 74 75  3
 32 49  1
 32 49 50 66  3
 32 49 50 64 65  3
 32 48 49 66  3
 32 48 49 66 76  3
 32 48 49 66 74 75  3
 32 48 49 64 65  3
 32 48 49 64 65 76  3
 32 48 49 64 65 74 75  3
 32 39 50 76  3
 32 39 50 74 75  3
 32 39 49 50  3
 32 39 48 49  3
 32 39 48 49 76  3
 32 39 48 49 74 75  3
 30 76  17
 30 74 75  17
 30 66 76  1
 30 66 74 75  1
 30 49  17
 30 49 66  1
 29  1
 28 78  1
 28 76 77  1
 28 51  1
 27  3
 27 64  1
 26  1
 25 48 66 76  3
 25 48 66 74 75  3
 25 48 64 65 76  3
 25 48 64 65 74 75  3
 25 48 49 66  3
 25 48 49 64 65  3
 25 46 76  1
 25 46 74 75  1
 25 46 49  1
 25 46 47 66 76  3
 25 46 47 66 74 75  3
 25 46 47 64 65 76  3
 25 46 47 64 65 74 75  3
 25 46 47 49 66  3
 25 46 47 49 64 65  3
 25 44 45 76  1
 25 44 45 74 75  1
 25 44 45 49  1
 25 39 48 76  3
 25 39 48 74 75  3
 25 39 48 49  3
 25 39 46 47 76  3
 25 39 46 47 74 75  3
 25 39 46 47 49  3
 23 65 76  1
 23 65 74 75  1
 23 49 65  1
 23 32 66 76  3
 23 32 66 74 75  3
 23 32 64 65 76  3
 23 32 64 65 74 75  3
 23 32 49 66  3
 23 32 49 64 65  3
 23 32 39 76  3
 23 32 39 74 75  3
 23 32 39 49  3
 21 76  5
 21 74 75  5
 21 52 66 76  3
 21 52 66 74 75  3
 21 52 64 65 76  3
 21 52 64 65 74 75  3
 21 50  1
 21 50 51 66 76  3
 21 50 51 66 74 75  3
 21 50 51 64 65 76  3
 21 50 51 64 65 74 75  3
 21 49  5
 21 49 52 66  3
 21 49 52 64 65  3
 21 49 50 51 66  3
 21 49 50 51 64 65  3
 21 39 52 76  3
 21 39 52 74 75  3
 21 39 50 51 76  3
 21 39 50 51 74 75  3
 21 39 49 52  3
 21 39 49 50 51  3
 21 25 66 76  3
 21 25 66 74 75  3
 21 25 64 65 76  3
 21 25 64 65 74 75  3
 21 25 49 66  3
 21 25 49 64 65  3
 21 25 39 76  3
 21 25 39 74 75  3
 21 25 39 49  3
 20  1
 19 78  1
 19 76 77  1
 19 65 76  3
 19 65 74 75  3
 19 52 76  1
 19 52 74 75  1
 19 51  1
 19 50 51 76  1
 19 50 51 74 75  1
 19 49 65  3
 19 49 52  1
 19 49 50 51  1
 19 25 76  1
 19 25 74 75  1
 19 25 49  1
 18  1
 18 64  1
 17  1
 14  31
 14 43  1
 12 78  15
 12 76  33
 12 76 78  5
 12 74 75  33
 12 74 75 78  5
 12 74 75 76 77  5
 12 72  1
 12 70 71  1
 12 67  19
 12 67 78  3
 12 67 76 77  3
 12 66  7
 12 65  19
 12 65 78  3
 12 65 76 77  3
 12 65 66  19
 12 65 66 78  3
 12 65 66 76 77  3
 12 60  1
 12 59  1
 12 58 78  3
 12 58 76 77  3
 12 58 59  1
 12 57  19
 12 57 78  3
 12 57 76 77  3
 12 56  19
 12 56 78  3
 12 56 76 77  3
 12 56 57  19
 12 56 57 78  3
 12 56 57 76 77  3
 12 52 53  1
 12 51 76  5
 12 51 74 75  5
 12 51 67  3
 12 51 65  3
 12 51 65 66  3
 12 51 58  3
 12 51 57  3
 12 51 56  3
 12 51 56 57  3
 12 50 58  1
 12 49 78  5
 12 49 76 77  5
 12 49 59  1
 12 49 51  5
 12 49 50  1
 12 44  1
 12 43 44  1
 12 40  19
 12 40 78  3
 12 40 76 77  3
 12 40 51  3
 12 33  1
 12 31  19
 12 31 78  3
 12 31 76 77  3
 12 31 51  3
 12 31 32  1
 12 27  1
 12 24  1
 12 22 23  1
 12 13  1
 11  1
 10 78  1
 10 76 77  1
 10 60  1
 9 78  1
 9 76 77  1
 9 61  1
 9 59 78  1
 9 59 76 77  1
 9 52  1
 9 51  1
 9 51 59  1
 9 50 78  1
 9 50 76 77  1
 9 50 51  1
 9 12  1
 8  1
 8 78  1
 8 76 77  1
 8 66  1
 8 64 65  1
 8 60 78  1
 8 60 76 77  1
 8 51 78  1
 8 51 76 77  1
 8 51 60  1
 8 48  1
 8 46 47  1
 8 39  1
 8 21  1
 8 12 58  1
 8 12 49  1
 8 9 60  1
 8 9 51  3
 7 12  1
 7 12 59  1
 7 12 50  1
 7 8 61  1
 7 8 59 78  1
 7 8 59 76 77  1
 7 8 52  1
 7 8 51 59  1
 7 8 50 78  1
 7 8 50 76 77  1
 7 8 50 51  1
 7 8 10  1
 7 8 9  1
 6 12  1
 6 7  3
 6 7 78  1
 6 7 76 77  1
 6 7 66  1
 6 7 64 65  1
 6 7 60 78  1
 6 7 60 76 77  1
 6 7 51 78  1
 6 7 51 76 77  1
 6 7 51 60  1
 6 7 48  1
 6 7 46 47  1
 6 7 39  1
 6 7 21  1
 6 7 12  1
 6 7 12 58  1
 6 7 12 49  1
 6 7 9 78  1
 6 7 9 76 77  1
 6 7 9 51  1
 6 7 8 78  1
 6 7 8 76 77  1
 6 7 8 51  1
 5 6 12  1
 5 6 12 59  1
 5 6 12 50  1
 5 6 8 12  1
 5 6 7 12  1
 2  1
 1  1
 0  39
 0 78  5
 0 76 77  5
 0 68  1
 0 51  5
 0 1  1
 39 50 71  19
 39 50 69 70  19
 39 48 49 71  19
 39 48 49 69 70  19
 39 44 50  19
 39 44 48 49  19
 23 39 71  19
 23 39 69 70  19
 23 39 44  19
 39 50 66 71  11
 39 50 66 69 70  11
 39 50 64 65 71  11
 39 50 64 65 69 70  11
 39 50 58 71  13
 39 50 58 69 70  19
 39 50 58 66 71  5
 39 50 58 66 69 70  7
 39 50 58 64 65 71  5
 39 50 58 64 65 69 70  7
 39 48 49 66 71  11
 39 48 49 66 69 70  11
 39 48 49 64 65 71  11
 39 48 49 64 65 69 70  11
 39 48 49 58 71  13
 39 48 49 58 69 70  19
 39 48 49 58 66 71  5
 39 48 49 58 66 69 70  7
 39 48 49 58 64 65 71  5
 39 48 49 58 64 65 69 70  7
 39 44 50 66  11
 39 44 50 64 65  11
 39 44 50 58  13
 39 44 50 58 66  5
 39 44 50 58 64 65  5
 39 44 48 49 66  11
 39 44 48 49 64 65  11
 39 44 48 49 58  13
 39 44 48 49 58 66  5
 39 44 48 49 58 64 65  5
 37 38 50 66 71  11
 37 38 50 66 69 70  11
 37 38 50 64 65 71  11
 37 38 50 64 65 69 70  11
 37 38 50 58 66 71  5
 37 38 50 58 66 69 70  7
 37 38 50 58 64 65 71  5
 37 38 50 58 64 65 69 70  7
 37 38 48 49 66 71  11
 37 38 48 49 66 69 70  11
 37 38 48 49 64 65 71  11
 37 38 48 49 64 65 69 70  11
 37 38 48 49 58 66 71  5
 37 38 48 49 58 66 69 70  7
 37 38 48 49 58 64 65 71  5
 37 38 48 49 58 64 65 69 70  7
 37 38 44 50 66  11
 37 38 44 50 64 65  11
 37 38 44 50 58 66  5
 37 38 44 50 58 64 65  5
 37 38 44 48 49 66  11
 37 38 44 48 49 64 65  11
 37 38 44 48 49 58 66  5
 37 38 44 48 49 58 64 65  5
 37 38 39 50 71  11
 37 38 39 50 69 70  11
 37 38 39 50 58 71  5
 37 38 39 50 58 69 70  7
 37 38 39 48 49 71  11
 37 38 39 48 49 69 70  11
 37 38 39 48 49 58 71  5
 37 38 39 48 49 58 69 70  7
 37 38 39 44 50  11
 37 38 39 44 50 58  5
 37 38 39 44 48 49  11
 37 38 39 44 48 49 58  5
 23 39 66 71  11
 23 39 66 69 70  11
 23 39 64 65 71  11
 23 39 64 65 69 70  11
 23 39 58 71  13
 23 39 58 69 70  19
 23 39 58 66 71  5
 23 39 58 66 69 70  7
 23 39 58 64 65 71  5
 23 39 58 64 65 69 70  7
 23 39 44 66  11
 23 39 44 64 65  11
 23 39 44 58  13
 23 39 44 58 66  5
 23 39 44 58 64 65  5
 23 37 38 66 71  11
 23 37 38 66 69 70  11
 23 37 38 64 65 71  11
 23 37 38 64 65 69 70  11
 23 37 38 58 66 71  5
 23 37 38 58 66 69 70  7
 23 37 38 58 64 65 71  5
 23 37 38 58 64 65 69 70  7
 23 37 38 44 66  11
 23 37 38 44 64 65  11
 23 37 38 44 58 66  5
 23 37 38 44 58 64 65  5
 23 37 38 39 71  11
 23 37 38 39 69 70  11
 23 37 38 39 58 71  5
 23 37 38 39 58 69 70  7
 23 37 38 39 44  11
 23 37 38 39 44 58  5
 12 50 66 71  11
 12 50 66 69 70  11
 12 50 64 65 71  11
 12 50 64 65 69 70  11
 12 50 58 66 71  5
 12 50 58 66 69 70  7
 12 50 58 64 65 71  5
 12 50 58 64 65 69 70  7
 12 48 49 66 71  11
 12 48 49 66 69 70  11
 12 48 49 64 65 71  11
 12 48 49 64 65 69 70  11
 12 48 49 58 66 71  5
 12 48 49 58 66 69 70  7
 12 48 49 58 64 65 71  5
 12 48 49 58 64 65 69 70  7
 12 44 50 66  11
 12 44 50 64 65  11
 12 44 50 58 66  5
 12 44 50 58 64 65  5
 12 44 48 49 66  11
 12 44 48 49 64 65  11
 12 44 48 49 58 66  5
 12 44 48 49 58 64 65  5
 12 39 50 71  11
 12 39 50 69 70  11
 12 39 50 58 71  5
 12 39 50 58 69 70  7
 12 39 48 49 71  11
 12 39 48 49 69 70  11
 12 39 48 49 58 71  5
 12 39 48 49 58 69 70  7
 12 39 44 50  11
 12 39 44 50 58  5
 12 39 44 48 49  11
 12 39 44 48 49 58  5
 12 23 66 71  11
 12 23 66 69 70  11
 12 23 64 65 71  11
 12 23 64 65 69 70  11
 12 23 58 66 71  5
 12 23 58 66 69 70  7
 12 23 58 64 65 71  5
 12 23 58 64 65 69 70  7
 12 23 44 66  11
 12 23 44 64 65  11
 12 23 44 58 66  5
 12 23 44 58 64 65  5
 12 23 39 71  11
 12 23 39 69 70  11
 12 23 39 58 71  5
 12 23 39 58 69 70  7
 12 23 39 44  11
 12 23 39 44 58  5
 39 54 58 63 64 67  1
 39 54 58 63 64 65 66  1
 39 54 58 61 62 64 67  1
 39 54 58 61 62 64 65 66  1
 39 40 54 58 63 64  1
 39 40 54 58 61 62 64  1
 37 38 54 58 63 64 67  1
 37 38 54 58 63 64 65 66  1
 37 38 54 58 61 62 64 67  1
 37 38 54 58 61 62 64 65 66  1
 37 38 40 54 58 63 64  1
 37 38 40 54 58 61 62 64  1
 36 39 54 58 64 67  1
 36 39 54 58 64 65 66  1
 36 39 40 54 58 64  1
 36 37 38 54 58 64 67  1
 36 37 38 54 58 64 65 66  1
 36 37 38 40 54 58 64  1
 22 39 54 58 63 67  1
 22 39 54 58 63 65 66  1
 22 39 54 58 61 62 67  1
 22 39 54 58 61 62 65 66  1
 22 39 40 54 58 63  1
 22 39 40 54 58 61 62  1
 22 37 38 54 58 63 67  1
 22 37 38 54 58 63 65 66  1
 22 37 38 54 58 61 62 67  1
 22 37 38 54 58 61 62 65 66  1
 22 37 38 40 54 58 63  1
 22 37 38 40 54 58 61 62  1
 22 36 39 54 58 67  1
 22 36 39 54 58 65 66  1
 22 36 39 40 54 58  1
 22 36 37 38 54 58 67  1
 22 36 37 38 54 58 65 66  1
 22 36 37 38 40 54 58  1
 20 21 39 54 58 63 67  1
 20 21 39 54 58 63 65 66  1
 20 21 39 54 58 61 62 67  1
 20 21 39 54 58 61 62 65 66  1
 20 21 39 40 54 58 63  1
 20 21 39 40 54 58 61 62  1
 20 21 37 38 54 58 63 67  1
 20 21 37 38 54 58 63 65 66  1
 20 21 37 38 54 58 61 62 67  1
 20 21 37 38 54 58 61 62 65 66  1
 20 21 37 38 40 54 58 63  1
 20 21 37 38 40 54 58 61 62  1
 20 21 36 39 54 58 67  1
 20 21 36 39 54 58 65 66  1
 20 21 36 39 40 54 58  1
 20 21 36 37 38 54 58 67  1
 20 21 36 37 38 54 58 65 66  1
 20 21 36 37 38 40 54 58  1
 12 54 58 63 64 67  1
 12 54 58 63 64 65 66  1
 12 54 58 61 62 64 67  1
 12 54 58 61 62 64 65 66  1
 12 40 54 58 63 64  1
 12 40 54 58 61 62 64  1
 12 36 54 58 64 67  1
 12 36 54 58 64 65 66  1
 12 36 40 54 58 64  1
 12 22 54 58 63 67  1
 12 22 54 58 63 65 66  1
 12 22 54 58 61 62 67  1
 12 22 54 58 61 62 65 66  1
 12 22 40 54 58 63  1
 12 22 40 54 58 61 62  1
 12 22 36 54 58 67  1
 12 22 36 54 58 65 66  1
 12 22 36 40 54 58  1
 12 20 21 54 58 63 67  1
 12 20 21 54 58 63 65 66  1
 12 20 21 54 58 61 62 67  1
 12 20 21 54 58 61 62 65 66  1
 12 20 21 40 54 58 63  1
 12 20 21 40 54 58 61 62  1
 12 20 21 36 54 58 67  1
 12 20 21 36 54 58 65 66  1
 12 20 21 36 40 54 58  1
