 54 56 58 59 66  5
 54 56 58 59 64 65  5
 50 53 58 66  1
 50 53 58 66 69  1
 50 53 58 66 67 68  1
 50 53 58 64 65  1
 50 53 58 64 65 69  1
 50 53 58 64 65 67 68  1
 50 51 52 58 66  1
 50 51 52 58 66 69  1
 50 51 52 58 66 67 68  1
 50 51 52 58 64 65  1
 50 51 52 58 64 65 69  1
 50 51 52 58 64 65 67 68  1
 48 49 53 58 66  1
 48 49 53 58 66 69  1
 48 49 53 58 66 67 68  1
 48 49 53 58 64 65  1
 48 49 53 58 64 65 69  1
 48 49 53 58 64 65 67 68  1
 48 49 51 52 58 66  1
 48 49 51 52 58 66 69  1
 48 49 51 52 58 66 67 68  1
 48 49 51 52 58 64 65  1
 48 49 51 52 58 64 65 69  1
 48 49 51 52 58 64 65 67 68  1
 42 50 53 58 66  1
 42 50 53 58 64 65  1
 42 50 51 52 58 66  1
 42 50 51 52 58 64 65  1
 42 48 49 53 58 66  1
 42 48 49 53 58 64 65  1
 42 48 49 51 52 58 66  1
 42 48 49 51 52 58 64 65  1
 39 54 56 58 59  15
 39 50 53 58  1
 39 50 53 58 69  1
 39 50 53 58 67 68  1
 39 50 51 52 58  1
 39 50 51 52 58 69  1
 39 50 51 52 58 67 68  1
 39 48 49 53 58  1
 39 48 49 53 58 69  1
 39 48 49 53 58 67 68  1
 39 48 49 51 52 58  1
 39 48 49 51 52 58 69  1
 39 48 49 51 52 58 67 68  1
 39 42 50 53 58  1
 39 42 50 51 52 58  1
 39 42 48 49 53 58  1
 39 42 48 49 51 52 58  1
 26 50 58 66  1
 26 50 58 66 69  1
 26 50 58 66 67 68  1
 26 50 58 64 65  1
 26 50 58 64 65 69  1
 26 50 58 64 65 67 68  1
 26 48 49 58 66  1
 26 48 49 58 66 69  1
 26 48 49 58 66 67 68  1
 26 48 49 58 64 65  1
 26 48 49 58 64 65 69  1
 26 48 49 58 64 65 67 68  1
 26 42 50 58 66  1
 26 42 50 58 64 65  1
 26 42 48 49 58 66  1
 26 42 48 49 58 64 65  1
 26 39 50 58  1
 26 39 50 58 69  1
 26 39 50 58 67 68  1
 26 39 48 49 58  1
 26 39 48 49 58 69  1
 26 39 48 49 58 67 68  1
 26 39 42 50 58  1
 26 39 42 48 49 58  1
 23 53 58 66  1
 23 53 58 66 69  1
 23 53 58 66 67 68  1
 23 53 58 64 65  1
 23 53 58 64 65 69  1
 23 53 58 64 65 67 68  1
 23 51 52 58 66  1
 23 51 52 58 66 69  1
 23 51 52 58 66 67 68  1
 23 51 52 58 64 65  1
 23 51 52 58 64 65 69  1
 23 51 52 58 64 65 67 68  1
 23 42 53 58 66  1
 23 42 53 58 64 65  1
 23 42 51 52 58 66  1
 23 42 51 52 58 64 65  1
 23 39 53 58  1
 23 39 53 58 69  1
 23 39 53 58 67 68  1
 23 39 51 52 58  1
 23 39 51 52 58 69  1
 23 39 51 52 58 67 68  1
 23 39 42 53 58  1
 23 39 42 51 52 58  1
 23 26 58 66  1
 23 26 58 66 69  1
 23 26 58 66 67 68  1
 23 26 58 64 65  1
 23 26 58 64 65 69  1
 23 26 58 64 65 67 68  1
 23 26 42 58 66  1
 23 26 42 58 64 65  1
 23 26 39 58  1
 23 26 39 58 69  1
 23 26 39 58 67 68  1
 23 26 39 42 58  1
 67  15
 65 66  27
 54 66 78  9
 54 66 76 77  9
 54 64 65 78  9
 54 64 65 76 77  9
 54 56 66 78  47
 54 56 66 76 77  47
 54 56 64 65 78  47
 54 56 64 65 76 77  47
 52  9
 51 54 66  9
 51 54 64 65  9
 51 54 56 66  47
 51 54 56 64 65  47
 50 51  9
 42 54 56 66 78  1
 42 54 56 66 76 77  1
 42 54 56 64 65 78  1
 42 54 56 64 65 76 77  1
 42 51 54 56 66  1
 42 51 54 56 64 65  1
 40  21
 39 54 78  9
 39 54 76 77  9
 39 54 56 78  49
 39 54 56 76 77  49
 39 51 54  9
 39 51 54 56  49
 39 42 54 56 78  1
 39 42 54 56 76 77  1
 39 42 51 54 56  1
 25  9
 41 59 66  1
 41 59 66 69  1
 41 59 66 67 68  1
 41 59 64 65  1
 41 59 64 65 69  1
 41 59 64 65 67 68  1
 41 42 59 66  1
 41 42 59 64 65  1
 39 58 59  1
 39 58 59 69  1
 39 58 59 67 68  1
 39 58 59 66  1
 39 58 59 66 69  1
 39 58 59 66 67 68  1
 39 58 59 64 65  1
 39 58 59 64 65 69  1
 39 58 59 64 65 67 68  1
 39 54 58  3
 39 42 58 59  1
 39 42 58 59 66  1
 39 42 58 59 64 65  1
 39 41 59  1
 39 41 59 69  1
 39 41 59 67 68  1
 39 41 42 59  1
 39 40 59  1
 39 40 59 69  1
 39 40 59 67 68  1
 39 40 59 66  1
 39 40 59 66 69  1
 39 40 59 66 67 68  1
 39 40 59 64 65  1
 39 40 59 64 65 69  1
 39 40 59 64 65 67 68  1
 39 40 42 59  1
 39 40 42 59 66  1
 39 40 42 59 64 65  1
 37 38 58 59 66  1
 37 38 58 59 66 69  1
 37 38 58 59 66 67 68  1
 37 38 58 59 64 65  1
 37 38 58 59 64 65 69  1
 37 38 58 59 64 65 67 68  1
 37 38 54 58  3
 37 38 42 58 59 66  1
 37 38 42 58 59 64 65  1
 37 38 39 58 59  1
 37 38 39 58 59 69  1
 37 38 39 58 59 67 68  1
 37 38 39 42 58 59  1
 14 59 66  1
 14 59 66 69  1
 14 59 66 67 68  1
 14 59 64 65  1
 14 59 64 65 69  1
 14 59 64 65 67 68  1
 14 42 59 66  1
 14 42 59 64 65  1
 14 39 59  1
 14 39 59 69  1
 14 39 59 67 68  1
 14 39 42 59  1
 12 58 59 66  1
 12 58 59 66 69  1
 12 58 59 66 67 68  1
 12 58 59 64 65  1
 12 58 59 64 65 69  1
 12 58 59 64 65 67 68  1
 12 54 58  3
 12 42 58 59 66  1
 12 42 58 59 64 65  1
 12 39 58 59  1
 12 39 58 59 69  1
 12 39 58 59 67 68  1
 12 39 42 58 59  1
 39 56 69  1
 39 56 67 68  1
 39 42 56  1
 37 38 56 69  1
 37 38 56 67 68  1
 37 38 42 56  1
 12 56 69  1
 12 56 67 68  1
 12 42 56  1
 41 50 58 65  1
 41 48 49 58 65  1
 39 40 50 58 65  1
 39 40 48 49 58 65  1
 23 41 58 65  1
 23 39 40 58 65  1
 14 50 58 65  1
 14 48 49 58 65  1
 14 23 58 65  1
