 39 54 58 68  1
 37 38 54 58 68  1
 26 39 54 58  1
 26 37 38 54 58  1
 24 25 39 54 58  1
 24 25 37 38 54 58  1
 12 54 58 68  1
 12 26 54 58  1
 12 24 25 54 58  1
 65  3
 58 76  1
 58 74 75  1
 49 58  1
 76  1
 74 75  1
 67  1
 65 66  1
 58  1
 57  1
 56 57  1
 49  1
 48 58 76  15
 48 58 74 75  15
 48 49 58  15
 46 47 58 76  15
 46 47 58 74 75  15
 46 47 49 58  15
 40  1
 32 48 58 76  3
 32 48 58 74 75  3
 32 48 49 58  3
 32 46 47 58 76  3
 32 46 47 58 74 75  3
 32 46 47 49 58  3
 31  1
 21 58 76  15
 21 58 74 75  15
 21 49 58  15
 21 32 58 76  3
 21 32 58 74 75  3
 21 32 49 58  3
 12  1
 12 56  1
