 39 55 56 58 71  9
 39 55 56 58 66 71  7
 39 55 56 58 65 71  1
 39 55 56 58 65 69 70  1
 39 55 56 58 64 65 69 70  9
 39 55 56 58 63 64 71  1
 39 55 56 58 63 64 69 70  1
 39 55 56 58 63 64 66 71  1
 39 55 56 58 63 64 66 69 70  1
 39 55 56 58 63 64 65 71  1
 39 55 56 58 63 64 65 69 70  1
 39 44 55 56 58  9
 39 44 55 56 58 66  7
 39 44 55 56 58 65  1
 39 44 55 56 58 63 64  1
 39 44 55 56 58 63 64 66  1
 39 44 55 56 58 63 64 65  1
 38 39 55 56 58 71  1
 38 39 55 56 58 69 70  1
 38 39 55 56 58 66 71  1
 38 39 55 56 58 66 69 70  1
 38 39 55 56 58 64 65 71  1
 38 39 55 56 58 64 65 69 70  1
 38 39 44 55 56 58  1
 38 39 44 55 56 58 66  1
 38 39 44 55 56 58 64 65  1
 37 38 55 56 58 66 69 70  9
 37 38 55 56 58 64 65 71  9
 37 38 55 56 58 63 64 66 71  1
 37 38 55 56 58 63 64 66 69 70  1
 37 38 55 56 58 63 64 65 71  1
 37 38 55 56 58 63 64 65 69 70  1
 37 38 44 55 56 58 64 65  9
 37 38 44 55 56 58 63 64 66  1
 37 38 44 55 56 58 63 64 65  1
 37 38 39 55 56 58 69 70  9
 37 38 39 55 56 58 65 71  1
 37 38 39 55 56 58 65 69 70  1
 37 38 39 55 56 58 63 64 71  1
 37 38 39 55 56 58 63 64 69 70  1
 37 38 39 44 55 56 58 65  1
 37 38 39 44 55 56 58 63 64  1
 12 55 56 58 66 71  7
 12 55 56 58 64 65 69 70  9
 12 55 56 58 63 64 66 71  1
 12 55 56 58 63 64 66 69 70  1
 12 55 56 58 63 64 65 71  1
 12 55 56 58 63 64 65 69 70  1
 12 44 55 56 58 66  7
 12 44 55 56 58 63 64 66  1
 12 44 55 56 58 63 64 65  1
 12 39 55 56 58 71  7
 12 39 55 56 58 65 71  1
 12 39 55 56 58 65 69 70  1
 12 39 55 56 58 63 64 71  1
 12 39 55 56 58 63 64 69 70  1
 12 39 44 55 56 58  7
 12 39 44 55 56 58 65  1
 12 39 44 55 56 58 63 64  1
 12 38 55 56 58 66 71  1
 12 38 55 56 58 66 69 70  1
 12 38 55 56 58 64 65 71  1
 12 38 55 56 58 64 65 69 70  1
 12 38 44 55 56 58 66  1
 12 38 44 55 56 58 64 65  1
 12 38 39 55 56 58 71  1
 12 38 39 55 56 58 69 70  1
 12 38 39 44 55 56 58  1
 39 71  45
 39 69 70  51
 39 59 71  7
 39 59 66 69 70  7
 39 59 64 65 71  7
 39 58 71  23
 39 58 69 71  9
 39 58 66 69 71  7
 39 58 66 69 70  25
 39 58 66 67 68 71  7
 39 58 66 67 68 69 70  7
 39 44  45
 39 44 59  7
 39 44 59 64 65  7
 39 44 58  23
 39 44 58 69  9
 39 44 58 66 69  7
 39 44 58 66 67 68  7
 39 42 58 71  9
 39 42 58 69 70  9
 39 42 58 66 71  7
 39 42 58 66 69 70  7
 39 42 44 58  9
 39 42 44 58 66  7
 37 38 59 66 71  7
 37 38 59 64 65 69 70  9
 37 38 58 64 65 69 71  9
 37 38 58 64 65 69 70  31
 37 38 58 64 65 67 68 71  9
 37 38 58 64 65 67 68 69 70  9
 37 38 44 59 66  7
 37 38 44 58 64 65 69  9
 37 38 44 58 64 65 67 68  9
 37 38 42 58 64 65 71  9
 37 38 42 58 64 65 69 70  9
 37 38 42 44 58 64 65  9
 37 38 39 59 71  7
 37 38 39 44 59  7
 12 59 66 69 70  7
 12 59 64 65 71  7
 12 58 66 69 71  7
 12 58 66 69 70  25
 12 58 66 67 68 71  7
 12 58 66 67 68 69 70  7
 12 44 59 64 65  7
 12 44 58 66 69  7
 12 44 58 66 67 68  7
 12 42 58 66 71  7
 12 42 58 66 69 70  7
 12 42 44 58 66  7
 12 39 59 69 70  7
 12 39 58 69 71  7
 12 39 58 69 70  25
 12 39 58 67 68 71  7
 12 39 58 67 68 69 70  7
 12 39 44 58 69  7
 12 39 44 58 67 68  7
 12 39 42 58 71  7
 12 39 42 58 69 70  7
 12 39 42 44 58  7
 53 71  3
 53 69 70  3
 53 58 71  3
 53 58 69 71  1
 53 55 56 58 71  1
 53 55 56 58 69 70  1
 51 52 58 71  3
 51 52 58 69 71  1
 51 52 55 56 58 71  1
 51 52 55 56 58 69 70  1
 44 53  3
 44 53 58  3
 44 53 58 69  1
 44 53 55 56 58  1
 44 51 52 58  3
 44 51 52 58 69  1
 44 51 52 55 56 58  1
 42 53 58 71  1
 42 53 58 69 70  1
 42 51 52 58 71  1
 42 51 52 58 69 70  1
 42 44 53 58  1
 42 44 51 52 58  1
 26 71  3
 26 69 70  3
 26 58 71  3
 26 58 69 71  1
 26 55 56 58 71  1
 26 55 56 58 69 70  1
 26 44  3
 26 44 58  3
 26 44 58 69  1
 26 44 55 56 58  1
 26 42 58 71  1
 26 42 58 69 70  1
 26 42 44 58  1
 36 50 58 65 78  3
 36 50 58 65 76 77  3
 36 50 51 58 65  3
 36 48 49 58 65 78  3
 36 48 49 58 65 76 77  3
 36 48 49 51 58 65  3
 36 37 38 58 65  3
 23 36 58 65 78  3
 23 36 58 65 76 77  3
 23 36 51 58 65  3
 76  27
 74 76  3
 72 73 76  3
 72 73 74 75  3
 66 76  3
 66 74 76  3
 66 72 73 76  3
 66 72 73 74 75  3
 65 76  3
 65 74 75  3
 65 66 76  3
 65 66 74 75  3
 63 64 76  3
 63 64 74 75  3
 63 64 66 76  3
 63 64 66 74 75  3
 56 76  3
 56 74 75  3
 56 66 76  3
 56 66 74 75  3
 54 55 76  3
 54 55 74 75  3
 54 55 66 76  3
 54 55 66 74 75  3
 49  27
 49 74  3
 49 72 73  3
 49 66  3
 49 66 74  3
 49 66 72 73  3
 49 65  3
 49 65 66  3
 49 63 64  3
 49 63 64 66  3
 49 56  3
 49 56 66  3
 49 54 55  3
 49 54 55 66  3
 47 76  3
 47 74 75  3
 47 66 76  3
 47 66 74 75  3
 47 49  3
 47 49 66  3
 38 76  3
 38 74 75  3
 38 66 76  3
 38 66 74 75  3
 38 49  3
 38 49 66  3
 29 74 76  1
 29 74 75  15
 29 72 73 76  1
 29 72 73 74 75  1
 29 71 76  1
 29 71 74 75  1
 29 69 70 76  1
 29 69 70 74 75  1
 29 68 76  1
 29 68 74 75  1
 29 66 76  3
 29 66 74 75  3
 29 65 76  1
 29 65 74 75  1
 29 63 64 76  1
 29 63 64 74 75  1
 29 59 76  1
 29 59 74 75  1
 29 57 58 76  1
 29 57 58 74 75  1
 29 56 76  1
 29 56 74 75  1
 29 54 55 76  1
 29 54 55 74 75  1
 29 49 74  1
 29 49 72 73  1
 29 49 71  1
 29 49 69 70  1
 29 49 68  1
 29 49 66  3
 29 49 65  1
 29 49 63 64  1
 29 49 59  1
 29 49 57 58  1
 29 49 56  1
 29 49 54 55  1
 29 47 76  1
 29 47 74 75  1
 29 47 49  1
 29 44 76  1
 29 44 74 75  1
 29 44 49  1
 29 38 76  1
 29 38 74 75  1
 29 38 49  1
 61 71  1
 61 69 70  1
 44 61  1
 53 55 56 58 66 71  1
 53 55 56 58 66 69 70  1
 53 55 56 58 63 64 66 71  1
 53 55 56 58 63 64 66 69 70  1
 53 55 56 58 63 64 65 71  1
 53 55 56 58 63 64 65 69 70  1
 51 52 55 56 58 66 71  1
 51 52 55 56 58 66 69 70  1
 51 52 55 56 58 63 64 66 71  1
 51 52 55 56 58 63 64 66 69 70  1
 51 52 55 56 58 63 64 65 71  1
 51 52 55 56 58 63 64 65 69 70  1
 44 53 55 56 58 66  1
 44 53 55 56 58 63 64 66  1
 44 53 55 56 58 63 64 65  1
 44 51 52 55 56 58 66  1
 44 51 52 55 56 58 63 64 66  1
 44 51 52 55 56 58 63 64 65  1
 39 53 55 56 58 71  1
 39 53 55 56 58 69 70  1
 39 53 55 56 58 65 71  1
 39 53 55 56 58 65 69 70  1
 39 53 55 56 58 63 64 71  1
 39 53 55 56 58 63 64 69 70  1
 39 51 52 55 56 58 71  1
 39 51 52 55 56 58 69 70  1
 39 51 52 55 56 58 65 71  1
 39 51 52 55 56 58 65 69 70  1
 39 51 52 55 56 58 63 64 71  1
 39 51 52 55 56 58 63 64 69 70  1
 39 44 53 55 56 58  1
 39 44 53 55 56 58 65  1
 39 44 53 55 56 58 63 64  1
 39 44 51 52 55 56 58  1
 39 44 51 52 55 56 58 65  1
 39 44 51 52 55 56 58 63 64  1
 38 53 55 56 58 66 71  1
 38 53 55 56 58 66 69 70  1
 38 53 55 56 58 64 65 71  1
 38 53 55 56 58 64 65 69 70  1
 38 51 52 55 56 58 66 71  1
 38 51 52 55 56 58 66 69 70  1
 38 51 52 55 56 58 64 65 71  1
 38 51 52 55 56 58 64 65 69 70  1
 38 44 53 55 56 58 66  1
 38 44 53 55 56 58 64 65  1
 38 44 51 52 55 56 58 66  1
 38 44 51 52 55 56 58 64 65  1
 38 39 53 55 56 58 71  1
 38 39 53 55 56 58 69 70  1
 38 39 51 52 55 56 58 71  1
 38 39 51 52 55 56 58 69 70  1
 38 39 44 53 55 56 58  1
 38 39 44 51 52 55 56 58  1
 26 55 56 58 66 71  1
 26 55 56 58 66 69 70  1
 26 55 56 58 63 64 66 71  1
 26 55 56 58 63 64 66 69 70  1
 26 55 56 58 63 64 65 71  1
 26 55 56 58 63 64 65 69 70  1
 26 44 55 56 58 66  1
 26 44 55 56 58 63 64 66  1
 26 44 55 56 58 63 64 65  1
 26 39 55 56 58 71  1
 26 39 55 56 58 69 70  1
 26 39 55 56 58 65 71  1
 26 39 55 56 58 65 69 70  1
 26 39 55 56 58 63 64 71  1
 26 39 55 56 58 63 64 69 70  1
 26 39 44 55 56 58  1
 26 39 44 55 56 58 65  1
 26 39 44 55 56 58 63 64  1
 26 38 55 56 58 66 71  1
 26 38 55 56 58 66 69 70  1
 26 38 55 56 58 64 65 71  1
 26 38 55 56 58 64 65 69 70  1
 26 38 44 55 56 58 66  1
 26 38 44 55 56 58 64 65  1
 26 38 39 55 56 58 71  1
 26 38 39 55 56 58 69 70  1
 26 38 39 44 55 56 58  1
 36 58 69 72  1
 36 58 69 71  1
 36 58 69 70  5
 36 58 69 70 71  1
 36 58 67 68 72  1
 36 58 67 68 71  1
 36 58 67 68 70 71  1
 36 58 67 68 69 70  1
 36 57 58 69  1
 36 57 58 67 68  1
 36 56 58 71  1
 36 56 58 69 70  1
 36 55 56 58 69  1
 36 55 56 58 67 68  1
 36 54 55 58 71  1
 36 54 55 58 69 70  1
 36 45 58 69  1
 36 45 58 67 68  1
 36 44 58 69  1
 36 44 58 67 68  1
 36 44 56 58  1
 36 44 54 55 58  1
 36 42 58 72  1
 36 42 58 71  1
 36 42 58 70 71  1
 36 42 58 69 70  1
 36 42 57 58  1
 36 42 55 56 58  1
 36 42 45 58  1
 36 42 44 58  1
 30 36 58 69  1
 30 36 58 67 68  1
 30 36 42 58  1
 29 36 58 71  1
 29 36 58 69 70  1
 29 36 44 58  1
 39 64 65 76  3
 39 64 65 74 75  3
 39 58  135
 39 56 65 74  1
 39 56 65 72 73  1
 39 56 65 66 74  1
 39 56 65 66 72 73  1
 39 56 64 65 74  1
 39 56 64 65 72 73  1
 39 50 56 65 74  1
 39 50 56 65 72 73  1
 39 50 56 65 66 74  1
 39 50 56 65 66 72 73  1
 39 50 56 64 65 74  1
 39 50 56 64 65 72 73  1
 39 49 64 65  3
 39 48 49 56 65 74  1
 39 48 49 56 65 72 73  1
 39 48 49 56 65 66 74  1
 39 48 49 56 65 66 72 73  1
 39 48 49 56 64 65 74  1
 39 48 49 56 64 65 72 73  1
 39 47 56 65  1
 39 47 56 65 66  1
 39 47 56 64 65  1
 39 47 50 56 65  1
 39 47 50 56 65 66  1
 39 47 50 56 64 65  1
 39 47 48 49 56 65  1
 39 47 48 49 56 65 66  1
 39 47 48 49 56 64 65  1
 39 40 56 65 74  1
 39 40 56 65 72 73  1
 39 40 56 65 66 74  1
 39 40 56 65 66 72 73  1
 39 40 56 64 65 74  1
 39 40 56 64 65 72 73  1
 39 40 47 56 65  1
 39 40 47 56 65 66  1
 39 40 47 56 64 65  1
 37 38 64 65 76  3
 37 38 64 65 74 75  3
 37 38 56 65 66 74  1
 37 38 56 65 66 72 73  1
 37 38 56 64 65 74  1
 37 38 56 64 65 72 73  1
 37 38 50 56 65 66 74  1
 37 38 50 56 65 66 72 73  1
 37 38 50 56 64 65 74  1
 37 38 50 56 64 65 72 73  1
 37 38 49 64 65  3
 37 38 48 49 56 65 66 74  1
 37 38 48 49 56 65 66 72 73  1
 37 38 48 49 56 64 65 74  1
 37 38 48 49 56 64 65 72 73  1
 37 38 47 56 65 66  1
 37 38 47 56 64 65  1
 37 38 47 50 56 65 66  1
 37 38 47 50 56 64 65  1
 37 38 47 48 49 56 65 66  1
 37 38 47 48 49 56 64 65  1
 37 38 40 56 65 66 74  1
 37 38 40 56 65 66 72 73  1
 37 38 40 56 64 65 74  1
 37 38 40 56 64 65 72 73  1
 37 38 40 47 56 65 66  1
 37 38 40 47 56 64 65  1
 37 38 39 56 65 74  1
 37 38 39 56 65 72 73  1
 37 38 39 50 56 65 74  1
 37 38 39 50 56 65 72 73  1
 37 38 39 48 49 56 65 74  1
 37 38 39 48 49 56 65 72 73  1
 37 38 39 47 56 65  1
 37 38 39 47 50 56 65  1
 37 38 39 47 48 49 56 65  1
 37 38 39 40 56 65 74  1
 37 38 39 40 56 65 72 73  1
 37 38 39 40 47 56 65  1
 23 39 56 65 74  1
 23 39 56 65 72 73  1
 23 39 56 65 66 74  1
 23 39 56 65 66 72 73  1
 23 39 56 64 65 74  1
 23 39 56 64 65 72 73  1
 23 39 47 56 65  1
 23 39 47 56 65 66  1
 23 39 47 56 64 65  1
 23 37 38 56 65 66 74  1
 23 37 38 56 65 66 72 73  1
 23 37 38 56 64 65 74  1
 23 37 38 56 64 65 72 73  1
 23 37 38 47 56 65 66  1
 23 37 38 47 56 64 65  1
 23 37 38 39 56 65 74  1
 23 37 38 39 56 65 72 73  1
 23 37 38 39 47 56 65  1
 12 64 65 76  3
 12 64 65 74 75  3
 12 56 65 66 74  1
 12 56 65 66 72 73  1
 12 56 64 65 74  1
 12 56 64 65 72 73  1
 12 50 56 65 66 74  1
 12 50 56 65 66 72 73  1
 12 50 56 64 65 74  1
 12 50 56 64 65 72 73  1
 12 49 64 65  3
 12 48 49 56 65 66 74  1
 12 48 49 56 65 66 72 73  1
 12 48 49 56 64 65 74  1
 12 48 49 56 64 65 72 73  1
 12 47 56 65 66  1
 12 47 56 64 65  1
 12 47 50 56 65 66  1
 12 47 50 56 64 65  1
 12 47 48 49 56 65 66  1
 12 47 48 49 56 64 65  1
 12 40 56 65 66 74  1
 12 40 56 65 66 72 73  1
 12 40 56 64 65 74  1
 12 40 56 64 65 72 73  1
 12 40 47 56 65 66  1
 12 40 47 56 64 65  1
 12 39 56 65 74  1
 12 39 56 65 72 73  1
 12 39 50 56 65 74  1
 12 39 50 56 65 72 73  1
 12 39 48 49 56 65 74  1
 12 39 48 49 56 65 72 73  1
 12 39 47 56 65  1
 12 39 47 50 56 65  1
 12 39 47 48 49 56 65  1
 12 39 40 56 65 74  1
 12 39 40 56 65 72 73  1
 12 39 40 47 56 65  1
 12 23 56 65 66 74  1
 12 23 56 65 66 72 73  1
 12 23 56 64 65 74  1
 12 23 56 64 65 72 73  1
 12 23 47 56 65 66  1
 12 23 47 56 64 65  1
 12 23 39 56 65 74  1
 12 23 39 56 65 72 73  1
 12 23 39 47 56 65  1
 39 55 56 58  51
 39 55 56 58 72  1
 39 55 56 58 70 71  1
 39 55 56 58 69  11
 39 55 56 58 69 72  1
 39 55 56 58 69 70 71  1
 39 55 56 58 67 68  11
 39 55 56 58 67 68 72  1
 39 55 56 58 67 68 70 71  1
 39 55 56 58 66  51
 39 55 56 58 66 72  1
 39 55 56 58 66 70 71  1
 39 55 56 58 66 69  11
 39 55 56 58 66 69 72  1
 39 55 56 58 66 69 70 71  1
 39 55 56 58 66 67 68  11
 39 55 56 58 66 67 68 72  1
 39 55 56 58 66 67 68 70 71  1
 39 55 56 58 64 65  59
 39 55 56 58 64 65 72  1
 39 55 56 58 64 65 70 71  1
 39 55 56 58 64 65 69  11
 39 55 56 58 64 65 69 72  1
 39 55 56 58 64 65 69 70 71  1
 39 55 56 58 64 65 67 68  11
 39 55 56 58 64 65 67 68 72  1
 39 55 56 58 64 65 67 68 70 71  1
 39 45 55 56 58  1
 39 45 55 56 58 69  1
 39 45 55 56 58 67 68  1
 39 45 55 56 58 66  1
 39 45 55 56 58 66 69  1
 39 45 55 56 58 66 67 68  1
 39 45 55 56 58 64 65  1
 39 45 55 56 58 64 65 69  1
 39 45 55 56 58 64 65 67 68  1
 39 42 55 56 58  11
 39 42 55 56 58 72  1
 39 42 55 56 58 70 71  1
 39 42 55 56 58 66  11
 39 42 55 56 58 66 72  1
 39 42 55 56 58 66 70 71  1
 39 42 55 56 58 64 65  11
 39 42 55 56 58 64 65 72  1
 39 42 55 56 58 64 65 70 71  1
 39 42 45 55 56 58  1
 39 42 45 55 56 58 66  1
 39 42 45 55 56 58 64 65  1
 37 38 55 56 58 66  51
 37 38 55 56 58 66 72  1
 37 38 55 56 58 66 70 71  1
 37 38 55 56 58 66 69  11
 37 38 55 56 58 66 69 72  1
 37 38 55 56 58 66 69 70 71  1
 37 38 55 56 58 66 67 68  11
 37 38 55 56 58 66 67 68 72  1
 37 38 55 56 58 66 67 68 70 71  1
 37 38 55 56 58 64 65  59
 37 38 55 56 58 64 65 72  1
 37 38 55 56 58 64 65 70 71  1
 37 38 55 56 58 64 65 69  11
 37 38 55 56 58 64 65 69 72  1
 37 38 55 56 58 64 65 69 70 71  1
 37 38 55 56 58 64 65 67 68  11
 37 38 55 56 58 64 65 67 68 72  1
 37 38 55 56 58 64 65 67 68 70 71  1
 37 38 45 55 56 58 66  1
 37 38 45 55 56 58 66 69  1
 37 38 45 55 56 58 66 67 68  1
 37 38 45 55 56 58 64 65  1
 37 38 45 55 56 58 64 65 69  1
 37 38 45 55 56 58 64 65 67 68  1
 37 38 42 55 56 58 66  11
 37 38 42 55 56 58 66 72  1
 37 38 42 55 56 58 66 70 71  1
 37 38 42 55 56 58 64 65  11
 37 38 42 55 56 58 64 65 72  1
 37 38 42 55 56 58 64 65 70 71  1
 37 38 42 45 55 56 58 66  1
 37 38 42 45 55 56 58 64 65  1
 37 38 39 55 56 58  51
 37 38 39 55 56 58 72  1
 37 38 39 55 56 58 70 71  1
 37 38 39 55 56 58 69  11
 37 38 39 55 56 58 69 72  1
 37 38 39 55 56 58 69 70 71  1
 37 38 39 55 56 58 67 68  11
 37 38 39 55 56 58 67 68 72  1
 37 38 39 55 56 58 67 68 70 71  1
 37 38 39 45 55 56 58  1
 37 38 39 45 55 56 58 69  1
 37 38 39 45 55 56 58 67 68  1
 37 38 39 42 55 56 58  11
 37 38 39 42 55 56 58 72  1
 37 38 39 42 55 56 58 70 71  1
 37 38 39 42 45 55 56 58  1
 12 55 56 58 66  51
 12 55 56 58 66 72  1
 12 55 56 58 66 70 71  1
 12 55 56 58 66 69  11
 12 55 56 58 66 69 72  1
 12 55 56 58 66 69 70 71  1
 12 55 56 58 66 67 68  11
 12 55 56 58 66 67 68 72  1
 12 55 56 58 66 67 68 70 71  1
 12 55 56 58 64 65  59
 12 55 56 58 64 65 72  1
 12 55 56 58 64 65 70 71  1
 12 55 56 58 64 65 69  11
 12 55 56 58 64 65 69 72  1
 12 55 56 58 64 65 69 70 71  1
 12 55 56 58 64 65 67 68  11
 12 55 56 58 64 65 67 68 72  1
 12 55 56 58 64 65 67 68 70 71  1
 12 45 55 56 58 66  1
 12 45 55 56 58 66 69  1
 12 45 55 56 58 66 67 68  1
 12 45 55 56 58 64 65  1
 12 45 55 56 58 64 65 69  1
 12 45 55 56 58 64 65 67 68  1
 12 42 55 56 58 66  11
 12 42 55 56 58 66 72  1
 12 42 55 56 58 66 70 71  1
 12 42 55 56 58 64 65  11
 12 42 55 56 58 64 65 72  1
 12 42 55 56 58 64 65 70 71  1
 12 42 45 55 56 58 66  1
 12 42 45 55 56 58 64 65  1
 12 39 55 56 58  51
 12 39 55 56 58 72  1
 12 39 55 56 58 70 71  1
 12 39 55 56 58 69  11
 12 39 55 56 58 69 72  1
 12 39 55 56 58 69 70 71  1
 12 39 55 56 58 67 68  11
 12 39 55 56 58 67 68 72  1
 12 39 55 56 58 67 68 70 71  1
 12 39 45 55 56 58  1
 12 39 45 55 56 58 69  1
 12 39 45 55 56 58 67 68  1
 12 39 42 55 56 58  11
 12 39 42 55 56 58 72  1
 12 39 42 55 56 58 70 71  1
 12 39 42 45 55 56 58  1
 78  11
 77  1
 76 77  11
 75 76  1
 68  7
 64  1
 63  1
 63 64  1
 60  5
 59  13
 58  75
 58 59  5
 51  11
 48  15
 48 68  1
 48 67 68  1
 48 65  3
 48 60  1
 48 59  1
 48 58  1
 48 58 59  1
 48 49  1
 46 47  15
 46 47 68  1
 46 47 67 68  1
 46 47 65  3
 46 47 60  1
 46 47 59  1
 46 47 58  1
 46 47 58 59  1
 42 48  1
 42 46 47  1
 33 48  1
 33 46 47  1
 32  9
 30 31  1
 21  15
 21 68  1
 21 67 68  1
 21 65  3
 21 60  1
 21 59  1
 21 58  1
 21 58 59  1
 21 42  1
 21 33  1
 21 22  1
 5  1
 0  5
 0 48  1
 0 46 47  1
 0 21  1
 39 55 56 57 58  1
 39 55 56 57 58 69  1
 39 55 56 57 58 67 68  1
 39 55 56 57 58 66  1
 39 55 56 57 58 66 69  1
 39 55 56 57 58 66 67 68  1
 39 55 56 57 58 64 65  1
 39 55 56 57 58 64 65 69  1
 39 55 56 57 58 64 65 67 68  1
 39 42 55 56 57 58  1
 39 42 55 56 57 58 66  1
 39 42 55 56 57 58 64 65  1
 37 38 55 56 57 58 66  1
 37 38 55 56 57 58 66 69  1
 37 38 55 56 57 58 66 67 68  1
 37 38 55 56 57 58 64 65  1
 37 38 55 56 57 58 64 65 69  1
 37 38 55 56 57 58 64 65 67 68  1
 37 38 42 55 56 57 58 66  1
 37 38 42 55 56 57 58 64 65  1
 37 38 39 55 56 57 58  1
 37 38 39 55 56 57 58 69  1
 37 38 39 55 56 57 58 67 68  1
 37 38 39 42 55 56 57 58  1
 30 39 55 56 58  1
 30 39 55 56 58 69  1
 30 39 55 56 58 67 68  1
 30 39 55 56 58 66  1
 30 39 55 56 58 66 69  1
 30 39 55 56 58 66 67 68  1
 30 39 55 56 58 64 65  1
 30 39 55 56 58 64 65 69  1
 30 39 55 56 58 64 65 67 68  1
 30 39 42 55 56 58  1
 30 39 42 55 56 58 66  1
 30 39 42 55 56 58 64 65  1
 30 37 38 55 56 58 66  1
 30 37 38 55 56 58 66 69  1
 30 37 38 55 56 58 66 67 68  1
 30 37 38 55 56 58 64 65  1
 30 37 38 55 56 58 64 65 69  1
 30 37 38 55 56 58 64 65 67 68  1
 30 37 38 42 55 56 58 66  1
 30 37 38 42 55 56 58 64 65  1
 30 37 38 39 55 56 58  1
 30 37 38 39 55 56 58 69  1
 30 37 38 39 55 56 58 67 68  1
 30 37 38 39 42 55 56 58  1
 12 55 56 57 58 66  1
 12 55 56 57 58 66 69  1
 12 55 56 57 58 66 67 68  1
 12 55 56 57 58 64 65  1
 12 55 56 57 58 64 65 69  1
 12 55 56 57 58 64 65 67 68  1
 12 42 55 56 57 58 66  1
 12 42 55 56 57 58 64 65  1
 12 39 55 56 57 58  1
 12 39 55 56 57 58 69  1
 12 39 55 56 57 58 67 68  1
 12 39 42 55 56 57 58  1
 12 30 55 56 58 66  1
 12 30 55 56 58 66 69  1
 12 30 55 56 58 66 67 68  1
 12 30 55 56 58 64 65  1
 12 30 55 56 58 64 65 69  1
 12 30 55 56 58 64 65 67 68  1
 12 30 42 55 56 58 66  1
 12 30 42 55 56 58 64 65  1
 12 30 39 55 56 58  1
 12 30 39 55 56 58 69  1
 12 30 39 55 56 58 67 68  1
 12 30 39 42 55 56 58  1
 39 65 76  1
 39 65 74 75  1
 39 65 66 76  1
 39 65 66 74 75  1
 39 49 65  1
 39 49 65 66  1
 39 40 65 76  1
 39 40 65 74 75  1
 39 40 65 66 76  1
 39 40 65 66 74 75  1
 39 40 64 65 76  1
 39 40 64 65 74 75  1
 39 40 49 65  1
 39 40 49 65 66  1
 39 40 49 64 65  1
 37 38 65 66 76  1
 37 38 65 66 74 75  1
 37 38 49 65 66  1
 37 38 40 65 66 76  1
 37 38 40 65 66 74 75  1
 37 38 40 64 65 76  1
 37 38 40 64 65 74 75  1
 37 38 40 49 65 66  1
 37 38 40 49 64 65  1
 37 38 39 65 76  1
 37 38 39 65 74 75  1
 37 38 39 49 65  1
 37 38 39 40 65 76  1
 37 38 39 40 65 74 75  1
 37 38 39 40 49 65  1
 12 65 66 76  1
 12 65 66 74 75  1
 12 49 65 66  1
 12 40 65 66 76  1
 12 40 65 66 74 75  1
 12 40 64 65 76  1
 12 40 64 65 74 75  1
 12 40 49 65 66  1
 12 40 49 64 65  1
 12 39 65 76  1
 12 39 65 74 75  1
 12 39 49 65  1
 12 39 40 65 76  1
 12 39 40 65 74 75  1
 12 39 40 49 65  1
 53 58 67 71  3
 53 58 67 69 71  1
 53 55 56 58 67 71  1
 53 55 56 58 67 69 70  1
 51 52 58 67 71  3
 51 52 58 67 69 71  1
 51 52 55 56 58 67 71  1
 51 52 55 56 58 67 69 70  1
 44 53 58 67  3
 44 53 58 67 69  1
 44 53 55 56 58 67  1
 44 51 52 58 67  3
 44 51 52 58 67 69  1
 44 51 52 55 56 58 67  1
 42 53 58 67 71  1
 42 53 58 67 69 70  1
 42 51 52 58 67 71  1
 42 51 52 58 67 69 70  1
 42 44 53 58 67  1
 42 44 51 52 58 67  1
 40 53 58 71  3
 40 53 58 69 71  1
 40 53 58 67 68 71  1
 40 53 58 67 68 69 70  1
 40 53 55 56 58 71  1
 40 53 55 56 58 69 70  1
 40 51 52 58 71  3
 40 51 52 58 69 71  1
 40 51 52 58 67 68 71  1
 40 51 52 58 67 68 69 70  1
 40 51 52 55 56 58 71  1
 40 51 52 55 56 58 69 70  1
 40 44 53 58  3
 40 44 53 58 69  1
 40 44 53 58 67 68  1
 40 44 53 55 56 58  1
 40 44 51 52 58  3
 40 44 51 52 58 69  1
 40 44 51 52 58 67 68  1
 40 44 51 52 55 56 58  1
 40 42 53 58 71  1
 40 42 53 58 69 70  1
 40 42 51 52 58 71  1
 40 42 51 52 58 69 70  1
 40 42 44 53 58  1
 40 42 44 51 52 58  1
 26 58 67 71  3
 26 58 67 69 71  1
 26 55 56 58 67 71  1
 26 55 56 58 67 69 70  1
 26 44 58 67  3
 26 44 58 67 69  1
 26 44 55 56 58 67  1
 26 42 58 67 71  1
 26 42 58 67 69 70  1
 26 42 44 58 67  1
 26 40 58 71  3
 26 40 58 69 71  1
 26 40 58 67 68 71  1
 26 40 58 67 68 69 70  1
 26 40 55 56 58 71  1
 26 40 55 56 58 69 70  1
 26 40 44 58  3
 26 40 44 58 69  1
 26 40 44 58 67 68  1
 26 40 44 55 56 58  1
 26 40 42 58 71  1
 26 40 42 58 69 70  1
 26 40 42 44 58  1
 55 56 58 71  1
 55 56 58 69 70  1
 54 71  3
 54 69 70  3
 54 58 71  3
 54 58 69 71  1
 54 58 67 68 71  1
 54 58 67 68 69 70  1
 54 55 56 58 71  1
 54 55 56 58 69 70  1
 52 53 58 71  3
 52 53 58 69 71  1
 52 53 58 67 68 71  1
 52 53 58 67 68 69 70  1
 52 53 55 56 58 71  1
 52 53 55 56 58 69 70  1
 44 55 56 58  1
 44 54  3
 44 54 58  3
 44 54 58 69  1
 44 54 58 67 68  1
 44 54 55 56 58  1
 44 52 53 58  3
 44 52 53 58 69  1
 44 52 53 58 67 68  1
 44 52 53 55 56 58  1
 42 54 58 71  1
 42 54 58 69 70  1
 42 52 53 58 71  1
 42 52 53 58 69 70  1
 42 44 54 58  1
 42 44 52 53 58  1
 27 71  3
 27 69 70  3
 27 58 71  3
 27 58 69 71  1
 27 58 67 68 71  1
 27 58 67 68 69 70  1
 27 55 56 58 71  1
 27 55 56 58 69 70  1
 27 44  3
 27 44 58  3
 27 44 58 69  1
 27 44 58 67 68  1
 27 44 55 56 58  1
 27 42 58 71  1
 27 42 58 69 70  1
 27 42 44 58  1
 56  9
 40 56  9
 36 56  1
 36 40 56  1
 53 58 64 71  1
 53 58 64 69 70  1
 51 52 58 64 71  1
 51 52 58 64 69 70  1
 44 53 58 64  1
 44 51 52 58 64  1
 26 58 64 71  1
 26 58 64 69 70  1
 26 44 58 64  1
 22 53 58 71  1
 22 53 58 69 70  1
 22 51 52 58 71  1
 22 51 52 58 69 70  1
 22 44 53 58  1
 22 44 51 52 58  1
 22 26 58 71  1
 22 26 58 69 70  1
 22 26 44 58  1
 20 21 53 58 71  1
 20 21 53 58 69 70  1
 20 21 51 52 58 71  1
 20 21 51 52 58 69 70  1
 20 21 44 53 58  1
 20 21 44 51 52 58  1
 20 21 26 58 71  1
 20 21 26 58 69 70  1
 20 21 26 44 58  1
 39 56 58 69  29
 39 56 58 67 68  29
 39 56 58 66 69  25
 39 56 58 66 67 68  25
 39 56 58 64 65 69  29
 39 56 58 64 65 67 68  29
 39 42 56 58  29
 39 42 56 58 66  25
 39 42 56 58 64 65  29
 37 38 56 58 66 69  25
 37 38 56 58 66 67 68  25
 37 38 56 58 64 65 69  29
 37 38 56 58 64 65 67 68  29
 37 38 42 56 58 66  25
 37 38 42 56 58 64 65  29
 37 38 39 56 58 69  25
 37 38 39 56 58 67 68  25
 37 38 39 42 56 58  25
 12 56 58 66 69  25
 12 56 58 66 67 68  25
 12 56 58 64 65 69  29
 12 56 58 64 65 67 68  29
 12 42 56 58 66  25
 12 42 56 58 64 65  29
 12 39 56 58 69  25
 12 39 56 58 67 68  25
 12 39 42 56 58  25
 54 58  39
 53 58  15
 37 38 58  49
 27 58  25
 26 58  15
 12 58  49
 69  1
 54 69  1
 54 67 68  1
 53 69  1
 53 67 68  1
 50 51 53 69  1
 50 51 53 67 68  1
 50 51 52 69  1
 50 51 52 67 68  1
 42 54  1
 42 53  1
 42 50 51 53  1
 42 50 51 52  1
 26 69  1
 26 67 68  1
 26 52 69  1
 26 52 67 68  1
 26 50 51 69  1
 26 50 51 67 68  1
 26 42  1
 26 42 52  1
 26 42 50 51  1
 25 53 69  1
 25 53 67 68  1
 25 51 52 69  1
 25 51 52 67 68  1
 25 42 53  1
 25 42 51 52  1
 25 26 69  1
 25 26 67 68  1
 25 26 42  1
 53 58 66 71  3
 53 58 63 64 66 71  3
 53 58 63 64 65 71  3
 51 52 58 66 71  3
 51 52 58 63 64 66 71  3
 51 52 58 63 64 65 71  3
 44 53 58 66  3
 44 53 58 63 64 66  3
 44 53 58 63 64 65  3
 44 51 52 58 66  3
 44 51 52 58 63 64 66  3
 44 51 52 58 63 64 65  3
 39 53 58 71  3
 39 53 58 65 71  3
 39 53 58 63 64 71  3
 39 51 52 58 71  3
 39 51 52 58 65 71  3
 39 51 52 58 63 64 71  3
 39 44 53 58  3
 39 44 53 58 65  3
 39 44 53 58 63 64  3
 39 44 51 52 58  3
 39 44 51 52 58 65  3
 39 44 51 52 58 63 64  3
 38 53 58 66 71  3
 38 53 58 64 65 71  3
 38 51 52 58 66 71  3
 38 51 52 58 64 65 71  3
 38 44 53 58 66  3
 38 44 53 58 64 65  3
 38 44 51 52 58 66  3
 38 44 51 52 58 64 65  3
 38 39 53 58 71  3
 38 39 51 52 58 71  3
 38 39 44 53 58  3
 38 39 44 51 52 58  3
 37 38 58 71  5
 37 38 58 69 70  7
 37 38 44 58  5
 26 58 66 71  3
 26 58 63 64 66 71  3
 26 58 63 64 65 71  3
 26 44 58 66  3
 26 44 58 63 64 66  3
 26 44 58 63 64 65  3
 26 39 58 71  3
 26 39 58 65 71  3
 26 39 58 63 64 71  3
 26 39 44 58  3
 26 39 44 58 65  3
 26 39 44 58 63 64  3
 26 38 58 66 71  3
 26 38 58 64 65 71  3
 26 38 44 58 66  3
 26 38 44 58 64 65  3
 26 38 39 58 71  3
 26 38 39 44 58  3
 12 58 71  5
 12 58 69 70  7
 12 44 58  5
 58 69  9
 58 67 68  9
 54 58 69  9
 54 58 67 68  9
 53 58 69  3
 53 58 67 69  3
 53 58 66 69  3
 53 58 66 67 68  3
 53 58 63 64 66 69  3
 53 58 63 64 66 67 68  3
 53 58 63 64 65 69  3
 53 58 63 64 65 67 68  3
 52 53 58 69  3
 52 53 58 67 68  3
 51 52 58 69  3
 51 52 58 67 69  3
 51 52 58 66 69  3
 51 52 58 66 67 68  3
 51 52 58 63 64 66 69  3
 51 52 58 63 64 66 67 68  3
 51 52 58 63 64 65 69  3
 51 52 58 63 64 65 67 68  3
 42 58  9
 42 54 58  9
 42 53 58  3
 42 53 58 67  3
 42 53 58 66  3
 42 53 58 63 64 66  3
 42 53 58 63 64 65  3
 42 52 53 58  3
 42 51 52 58  3
 42 51 52 58 67  3
 42 51 52 58 66  3
 42 51 52 58 63 64 66  3
 42 51 52 58 63 64 65  3
 40 53 58 69  3
 40 53 58 67 68  3
 40 51 52 58 69  3
 40 51 52 58 67 68  3
 40 42 53 58  3
 40 42 51 52 58  3
 39 53 58 69  3
 39 53 58 67 68  3
 39 53 58 65 69  3
 39 53 58 65 67 68  3
 39 53 58 63 64 69  3
 39 53 58 63 64 67 68  3
 39 51 52 58 69  3
 39 51 52 58 67 68  3
 39 51 52 58 65 69  3
 39 51 52 58 65 67 68  3
 39 51 52 58 63 64 69  3
 39 51 52 58 63 64 67 68  3
 39 42 53 58  3
 39 42 53 58 65  3
 39 42 53 58 63 64  3
 39 42 51 52 58  3
 39 42 51 52 58 65  3
 39 42 51 52 58 63 64  3
 38 53 58 66 69  3
 38 53 58 66 67 68  3
 38 53 58 64 65 69  3
 38 53 58 64 65 67 68  3
 38 51 52 58 66 69  3
 38 51 52 58 66 67 68  3
 38 51 52 58 64 65 69  3
 38 51 52 58 64 65 67 68  3
 38 42 53 58 66  3
 38 42 53 58 64 65  3
 38 42 51 52 58 66  3
 38 42 51 52 58 64 65  3
 38 39 53 58 69  3
 38 39 53 58 67 68  3
 38 39 51 52 58 69  3
 38 39 51 52 58 67 68  3
 38 39 42 53 58  3
 38 39 42 51 52 58  3
 37 38 58 69  7
 37 38 58 67 68  7
 37 38 42 58  7
 27 58 69  5
 27 58 67 68  5
 27 42 58  5
 26 58 69  3
 26 58 67 69  3
 26 58 66 69  3
 26 58 66 67 68  3
 26 58 63 64 66 69  3
 26 58 63 64 66 67 68  3
 26 58 63 64 65 69  3
 26 58 63 64 65 67 68  3
 26 42 58  3
 26 42 58 67  3
 26 42 58 66  3
 26 42 58 63 64 66  3
 26 42 58 63 64 65  3
 26 40 58 69  3
 26 40 58 67 68  3
 26 40 42 58  3
 26 39 58 69  3
 26 39 58 67 68  3
 26 39 58 65 69  3
 26 39 58 65 67 68  3
 26 39 58 63 64 69  3
 26 39 58 63 64 67 68  3
 26 39 42 58  3
 26 39 42 58 65  3
 26 39 42 58 63 64  3
 26 38 58 66 69  3
 26 38 58 66 67 68  3
 26 38 58 64 65 69  3
 26 38 58 64 65 67 68  3
 26 38 42 58 66  3
 26 38 42 58 64 65  3
 26 38 39 58 69  3
 26 38 39 58 67 68  3
 26 38 39 42 58  3
 12 58 69  7
 12 58 67 68  7
 12 42 58  7
 53 58 66 69 71  1
 53 58 66 67 68 71  1
 53 58 66 67 68 69 70  1
 53 58 63 64 66 69 71  1
 53 58 63 64 66 67 68 71  1
 53 58 63 64 66 67 68 69 70  1
 53 58 63 64 65 69 71  1
 53 58 63 64 65 67 68 71  1
 53 58 63 64 65 67 68 69 70  1
 51 52 58 66 69 71  1
 51 52 58 66 67 68 71  1
 51 52 58 66 67 68 69 70  1
 51 52 58 63 64 66 69 71  1
 51 52 58 63 64 66 67 68 71  1
 51 52 58 63 64 66 67 68 69 70  1
 51 52 58 63 64 65 69 71  1
 51 52 58 63 64 65 67 68 71  1
 51 52 58 63 64 65 67 68 69 70  1
 44 53 58 66 69  1
 44 53 58 66 67 68  1
 44 53 58 63 64 66 69  1
 44 53 58 63 64 66 67 68  1
 44 53 58 63 64 65 69  1
 44 53 58 63 64 65 67 68  1
 44 51 52 58 66 69  1
 44 51 52 58 66 67 68  1
 44 51 52 58 63 64 66 69  1
 44 51 52 58 63 64 66 67 68  1
 44 51 52 58 63 64 65 69  1
 44 51 52 58 63 64 65 67 68  1
 42 53 58 66 71  1
 42 53 58 66 69 70  1
 42 53 58 63 64 66 71  1
 42 53 58 63 64 66 69 70  1
 42 53 58 63 64 65 71  1
 42 53 58 63 64 65 69 70  1
 42 51 52 58 66 71  1
 42 51 52 58 66 69 70  1
 42 51 52 58 63 64 66 71  1
 42 51 52 58 63 64 66 69 70  1
 42 51 52 58 63 64 65 71  1
 42 51 52 58 63 64 65 69 70  1
 42 44 53 58 66  1
 42 44 53 58 63 64 66  1
 42 44 53 58 63 64 65  1
 42 44 51 52 58 66  1
 42 44 51 52 58 63 64 66  1
 42 44 51 52 58 63 64 65  1
 39 53 58 69 71  1
 39 53 58 67 68 71  1
 39 53 58 67 68 69 70  1
 39 53 58 65 69 71  1
 39 53 58 65 67 68 71  1
 39 53 58 65 67 68 69 70  1
 39 53 58 63 64 69 71  1
 39 53 58 63 64 67 68 71  1
 39 53 58 63 64 67 68 69 70  1
 39 51 52 58 69 71  1
 39 51 52 58 67 68 71  1
 39 51 52 58 67 68 69 70  1
 39 51 52 58 65 69 71  1
 39 51 52 58 65 67 68 71  1
 39 51 52 58 65 67 68 69 70  1
 39 51 52 58 63 64 69 71  1
 39 51 52 58 63 64 67 68 71  1
 39 51 52 58 63 64 67 68 69 70  1
 39 44 53 58 69  1
 39 44 53 58 67 68  1
 39 44 53 58 65 69  1
 39 44 53 58 65 67 68  1
 39 44 53 58 63 64 69  1
 39 44 53 58 63 64 67 68  1
 39 44 51 52 58 69  1
 39 44 51 52 58 67 68  1
 39 44 51 52 58 65 69  1
 39 44 51 52 58 65 67 68  1
 39 44 51 52 58 63 64 69  1
 39 44 51 52 58 63 64 67 68  1
 39 42 53 58 71  1
 39 42 53 58 69 70  1
 39 42 53 58 65 71  1
 39 42 53 58 65 69 70  1
 39 42 53 58 63 64 71  1
 39 42 53 58 63 64 69 70  1
 39 42 51 52 58 71  1
 39 42 51 52 58 69 70  1
 39 42 51 52 58 65 71  1
 39 42 51 52 58 65 69 70  1
 39 42 51 52 58 63 64 71  1
 39 42 51 52 58 63 64 69 70  1
 39 42 44 53 58  1
 39 42 44 53 58 65  1
 39 42 44 53 58 63 64  1
 39 42 44 51 52 58  1
 39 42 44 51 52 58 65  1
 39 42 44 51 52 58 63 64  1
 38 53 58 66 69 71  1
 38 53 58 66 67 68 71  1
 38 53 58 66 67 68 69 70  1
 38 53 58 64 65 69 71  1
 38 53 58 64 65 67 68 71  1
 38 53 58 64 65 67 68 69 70  1
 38 51 52 58 66 69 71  1
 38 51 52 58 66 67 68 71  1
 38 51 52 58 66 67 68 69 70  1
 38 51 52 58 64 65 69 71  1
 38 51 52 58 64 65 67 68 71  1
 38 51 52 58 64 65 67 68 69 70  1
 38 44 53 58 66 69  1
 38 44 53 58 66 67 68  1
 38 44 53 58 64 65 69  1
 38 44 53 58 64 65 67 68  1
 38 44 51 52 58 66 69  1
 38 44 51 52 58 66 67 68  1
 38 44 51 52 58 64 65 69  1
 38 44 51 52 58 64 65 67 68  1
 38 42 53 58 66 71  1
 38 42 53 58 66 69 70  1
 38 42 53 58 64 65 71  1
 38 42 53 58 64 65 69 70  1
 38 42 51 52 58 66 71  1
 38 42 51 52 58 66 69 70  1
 38 42 51 52 58 64 65 71  1
 38 42 51 52 58 64 65 69 70  1
 38 42 44 53 58 66  1
 38 42 44 53 58 64 65  1
 38 42 44 51 52 58 66  1
 38 42 44 51 52 58 64 65  1
 38 39 53 58 69 71  1
 38 39 53 58 67 68 71  1
 38 39 53 58 67 68 69 70  1
 38 39 51 52 58 69 71  1
 38 39 51 52 58 67 68 71  1
 38 39 51 52 58 67 68 69 70  1
 38 39 44 53 58 69  1
 38 39 44 53 58 67 68  1
 38 39 44 51 52 58 69  1
 38 39 44 51 52 58 67 68  1
 38 39 42 53 58 71  1
 38 39 42 53 58 69 70  1
 38 39 42 51 52 58 71  1
 38 39 42 51 52 58 69 70  1
 38 39 42 44 53 58  1
 38 39 42 44 51 52 58  1
 26 58 66 69 71  1
 26 58 66 67 68 71  1
 26 58 66 67 68 69 70  1
 26 58 63 64 66 69 71  1
 26 58 63 64 66 67 68 71  1
 26 58 63 64 66 67 68 69 70  1
 26 58 63 64 65 69 71  1
 26 58 63 64 65 67 68 71  1
 26 58 63 64 65 67 68 69 70  1
 26 44 58 66 69  1
 26 44 58 66 67 68  1
 26 44 58 63 64 66 69  1
 26 44 58 63 64 66 67 68  1
 26 44 58 63 64 65 69  1
 26 44 58 63 64 65 67 68  1
 26 42 58 66 71  1
 26 42 58 66 69 70  1
 26 42 58 63 64 66 71  1
 26 42 58 63 64 66 69 70  1
 26 42 58 63 64 65 71  1
 26 42 58 63 64 65 69 70  1
 26 42 44 58 66  1
 26 42 44 58 63 64 66  1
 26 42 44 58 63 64 65  1
 26 39 58 69 71  1
 26 39 58 67 68 71  1
 26 39 58 67 68 69 70  1
 26 39 58 65 69 71  1
 26 39 58 65 67 68 71  1
 26 39 58 65 67 68 69 70  1
 26 39 58 63 64 69 71  1
 26 39 58 63 64 67 68 71  1
 26 39 58 63 64 67 68 69 70  1
 26 39 44 58 69  1
 26 39 44 58 67 68  1
 26 39 44 58 65 69  1
 26 39 44 58 65 67 68  1
 26 39 44 58 63 64 69  1
 26 39 44 58 63 64 67 68  1
 26 39 42 58 71  1
 26 39 42 58 69 70  1
 26 39 42 58 65 71  1
 26 39 42 58 65 69 70  1
 26 39 42 58 63 64 71  1
 26 39 42 58 63 64 69 70  1
 26 39 42 44 58  1
 26 39 42 44 58 65  1
 26 39 42 44 58 63 64  1
 26 38 58 66 69 71  1
 26 38 58 66 67 68 71  1
 26 38 58 66 67 68 69 70  1
 26 38 58 64 65 69 71  1
 26 38 58 64 65 67 68 71  1
 26 38 58 64 65 67 68 69 70  1
 26 38 44 58 66 69  1
 26 38 44 58 66 67 68  1
 26 38 44 58 64 65 69  1
 26 38 44 58 64 65 67 68  1
 26 38 42 58 66 71  1
 26 38 42 58 66 69 70  1
 26 38 42 58 64 65 71  1
 26 38 42 58 64 65 69 70  1
 26 38 42 44 58 66  1
 26 38 42 44 58 64 65  1
 26 38 39 58 69 71  1
 26 38 39 58 67 68 71  1
 26 38 39 58 67 68 69 70  1
 26 38 39 44 58 69  1
 26 38 39 44 58 67 68  1
 26 38 39 42 58 71  1
 26 38 39 42 58 69 70  1
 26 38 39 42 44 58  1
 39 58 66 69  25
 39 58 66 67 68  25
 39 58 64 65 69  25
 39 58 64 65 67 68  25
 39 42 58 66  25
 39 42 58 64 65  25
 37 38 58 66 69  25
 37 38 58 66 67 68  25
 37 38 58 64 65 69  25
 37 38 58 64 65 67 68  25
 37 38 42 58 66  25
 37 38 42 58 64 65  25
 37 38 39 58 69  25
 37 38 39 58 67 68  25
 37 38 39 42 58  25
 12 58 66 69  25
 12 58 66 67 68  25
 12 58 64 65 69  25
 12 58 64 65 67 68  25
 12 42 58 66  25
 12 42 58 64 65  25
 12 39 58 69  25
 12 39 58 67 68  25
 12 39 42 58  25
 39 58 65 69 70  7
 39 50 58 71  3
 39 48 49 58 71  3
 39 44 50 58  3
 39 44 48 49 58  3
 37 38 50 58 71  3
 37 38 48 49 58 71  3
 37 38 44 50 58  3
 37 38 44 48 49 58  3
 23 39 58 71  3
 23 39 44 58  3
 23 37 38 58 71  3
 23 37 38 44 58  3
 12 50 58 71  3
 12 48 49 58 71  3
 12 44 50 58  3
 12 44 48 49 58  3
 12 23 58 71  3
 12 23 44 58  3
 39 56 59 71  1
 39 56 59 69 70  1
 39 56 59 66 71  1
 39 56 59 66 69 70  1
 39 56 59 64 65 71  1
 39 56 59 64 65 69 70  1
 39 56 58 69 71  3
 39 56 58 69 70  9
 39 56 58 67 68 71  3
 39 56 58 67 68 69 70  3
 39 56 58 66 69 71  3
 39 56 58 66 69 70  9
 39 56 58 66 67 68 71  3
 39 56 58 66 67 68 69 70  3
 39 56 58 64 65 69 71  3
 39 56 58 64 65 69 70  9
 39 56 58 64 65 67 68 71  3
 39 56 58 64 65 67 68 69 70  3
 39 54 55 59 71  1
 39 54 55 59 69 70  1
 39 54 55 59 66 71  1
 39 54 55 59 66 69 70  1
 39 54 55 59 64 65 71  1
 39 54 55 59 64 65 69 70  1
 39 54 55 58 69 71  1
 39 54 55 58 69 70  3
 39 54 55 58 67 68 71  1
 39 54 55 58 67 68 69 70  1
 39 54 55 58 66 69 71  1
 39 54 55 58 66 69 70  3
 39 54 55 58 66 67 68 71  1
 39 54 55 58 66 67 68 69 70  1
 39 54 55 58 64 65 69 71  1
 39 54 55 58 64 65 69 70  3
 39 54 55 58 64 65 67 68 71  1
 39 54 55 58 64 65 67 68 69 70  1
 39 54 55 56 58 71  1
 39 54 55 56 58 69 70  1
 39 54 55 56 58 66 71  1
 39 54 55 56 58 66 69 70  1
 39 54 55 56 58 64 65 71  1
 39 54 55 56 58 64 65 69 70  1
 39 44 56 59  1
 39 44 56 59 66  1
 39 44 56 59 64 65  1
 39 44 56 58 69  3
 39 44 56 58 67 68  3
 39 44 56 58 66 69  3
 39 44 56 58 66 67 68  3
 39 44 56 58 64 65 69  3
 39 44 56 58 64 65 67 68  3
 39 44 54 55 59  1
 39 44 54 55 59 66  1
 39 44 54 55 59 64 65  1
 39 44 54 55 58 69  1
 39 44 54 55 58 67 68  1
 39 44 54 55 58 66 69  1
 39 44 54 55 58 66 67 68  1
 39 44 54 55 58 64 65 69  1
 39 44 54 55 58 64 65 67 68  1
 39 44 54 55 56 58  1
 39 44 54 55 56 58 66  1
 39 44 54 55 56 58 64 65  1
 39 42 56 58 71  3
 39 42 56 58 69 70  3
 39 42 56 58 66 71  3
 39 42 56 58 66 69 70  3
 39 42 56 58 64 65 71  3
 39 42 56 58 64 65 69 70  3
 39 42 54 55 58 71  1
 39 42 54 55 58 69 70  1
 39 42 54 55 58 66 71  1
 39 42 54 55 58 66 69 70  1
 39 42 54 55 58 64 65 71  1
 39 42 54 55 58 64 65 69 70  1
 39 42 44 56 58  3
 39 42 44 56 58 66  3
 39 42 44 56 58 64 65  3
 39 42 44 54 55 58  1
 39 42 44 54 55 58 66  1
 39 42 44 54 55 58 64 65  1
 37 38 56 59 66 71  1
 37 38 56 59 66 69 70  1
 37 38 56 59 64 65 71  1
 37 38 56 59 64 65 69 70  1
 37 38 56 58 66 69 71  3
 37 38 56 58 66 69 70  9
 37 38 56 58 66 67 68 71  3
 37 38 56 58 66 67 68 69 70  3
 37 38 56 58 64 65 69 71  3
 37 38 56 58 64 65 69 70  9
 37 38 56 58 64 65 67 68 71  3
 37 38 56 58 64 65 67 68 69 70  3
 37 38 54 55 59 66 71  1
 37 38 54 55 59 66 69 70  1
 37 38 54 55 59 64 65 71  1
 37 38 54 55 59 64 65 69 70  1
 37 38 54 55 58 66 69 71  1
 37 38 54 55 58 66 69 70  3
 37 38 54 55 58 66 67 68 71  1
 37 38 54 55 58 66 67 68 69 70  1
 37 38 54 55 58 64 65 69 71  1
 37 38 54 55 58 64 65 69 70  3
 37 38 54 55 58 64 65 67 68 71  1
 37 38 54 55 58 64 65 67 68 69 70  1
 37 38 54 55 56 58 66 71  1
 37 38 54 55 56 58 66 69 70  1
 37 38 54 55 56 58 64 65 71  1
 37 38 54 55 56 58 64 65 69 70  1
 37 38 44 56 59 66  1
 37 38 44 56 59 64 65  1
 37 38 44 56 58 66 69  3
 37 38 44 56 58 66 67 68  3
 37 38 44 56 58 64 65 69  3
 37 38 44 56 58 64 65 67 68  3
 37 38 44 54 55 59 66  1
 37 38 44 54 55 59 64 65  1
 37 38 44 54 55 58 66 69  1
 37 38 44 54 55 58 66 67 68  1
 37 38 44 54 55 58 64 65 69  1
 37 38 44 54 55 58 64 65 67 68  1
 37 38 44 54 55 56 58 66  1
 37 38 44 54 55 56 58 64 65  1
 37 38 42 56 58 66 71  3
 37 38 42 56 58 66 69 70  3
 37 38 42 56 58 64 65 71  3
 37 38 42 56 58 64 65 69 70  3
 37 38 42 54 55 58 66 71  1
 37 38 42 54 55 58 66 69 70  1
 37 38 42 54 55 58 64 65 71  1
 37 38 42 54 55 58 64 65 69 70  1
 37 38 42 44 56 58 66  3
 37 38 42 44 56 58 64 65  3
 37 38 42 44 54 55 58 66  1
 37 38 42 44 54 55 58 64 65  1
 37 38 39 56 59 71  1
 37 38 39 56 59 69 70  1
 37 38 39 56 58 69 71  3
 37 38 39 56 58 69 70  9
 37 38 39 56 58 67 68 71  3
 37 38 39 56 58 67 68 69 70  3
 37 38 39 54 55 59 71  1
 37 38 39 54 55 59 69 70  1
 37 38 39 54 55 58 69 71  1
 37 38 39 54 55 58 69 70  3
 37 38 39 54 55 58 67 68 71  1
 37 38 39 54 55 58 67 68 69 70  1
 37 38 39 54 55 56 58 71  1
 37 38 39 54 55 56 58 69 70  1
 37 38 39 44 56 59  1
 37 38 39 44 56 58 69  3
 37 38 39 44 56 58 67 68  3
 37 38 39 44 54 55 59  1
 37 38 39 44 54 55 58 69  1
 37 38 39 44 54 55 58 67 68  1
 37 38 39 44 54 55 56 58  1
 37 38 39 42 56 58 71  3
 37 38 39 42 56 58 69 70  3
 37 38 39 42 54 55 58 71  1
 37 38 39 42 54 55 58 69 70  1
 37 38 39 42 44 56 58  3
 37 38 39 42 44 54 55 58  1
 29 39 59 71  1
 29 39 59 69 70  1
 29 39 59 66 71  1
 29 39 59 66 69 70  1
 29 39 59 64 65 71  1
 29 39 59 64 65 69 70  1
 29 39 58 69 71  1
 29 39 58 69 70  3
 29 39 58 67 68 71  1
 29 39 58 67 68 69 70  1
 29 39 58 66 69 71  1
 29 39 58 66 69 70  3
 29 39 58 66 67 68 71  1
 29 39 58 66 67 68 69 70  1
 29 39 58 64 65 69 71  1
 29 39 58 64 65 69 70  3
 29 39 58 64 65 67 68 71  1
 29 39 58 64 65 67 68 69 70  1
 29 39 55 56 58 71  1
 29 39 55 56 58 69 70  1
 29 39 55 56 58 66 71  1
 29 39 55 56 58 66 69 70  1
 29 39 55 56 58 64 65 71  1
 29 39 55 56 58 64 65 69 70  1
 29 39 44 59  1
 29 39 44 59 66  1
 29 39 44 59 64 65  1
 29 39 44 58 69  1
 29 39 44 58 67 68  1
 29 39 44 58 66 69  1
 29 39 44 58 66 67 68  1
 29 39 44 58 64 65 69  1
 29 39 44 58 64 65 67 68  1
 29 39 44 55 56 58  1
 29 39 44 55 56 58 66  1
 29 39 44 55 56 58 64 65  1
 29 39 42 58 71  1
 29 39 42 58 69 70  1
 29 39 42 58 66 71  1
 29 39 42 58 66 69 70  1
 29 39 42 58 64 65 71  1
 29 39 42 58 64 65 69 70  1
 29 39 42 44 58  1
 29 39 42 44 58 66  1
 29 39 42 44 58 64 65  1
 29 37 38 59 66 71  1
 29 37 38 59 66 69 70  1
 29 37 38 59 64 65 71  1
 29 37 38 59 64 65 69 70  1
 29 37 38 58 66 69 71  1
 29 37 38 58 66 69 70  3
 29 37 38 58 66 67 68 71  1
 29 37 38 58 66 67 68 69 70  1
 29 37 38 58 64 65 69 71  1
 29 37 38 58 64 65 69 70  3
 29 37 38 58 64 65 67 68 71  1
 29 37 38 58 64 65 67 68 69 70  1
 29 37 38 55 56 58 66 71  1
 29 37 38 55 56 58 66 69 70  1
 29 37 38 55 56 58 64 65 71  1
 29 37 38 55 56 58 64 65 69 70  1
 29 37 38 44 59 66  1
 29 37 38 44 59 64 65  1
 29 37 38 44 58 66 69  1
 29 37 38 44 58 66 67 68  1
 29 37 38 44 58 64 65 69  1
 29 37 38 44 58 64 65 67 68  1
 29 37 38 44 55 56 58 66  1
 29 37 38 44 55 56 58 64 65  1
 29 37 38 42 58 66 71  1
 29 37 38 42 58 66 69 70  1
 29 37 38 42 58 64 65 71  1
 29 37 38 42 58 64 65 69 70  1
 29 37 38 42 44 58 66  1
 29 37 38 42 44 58 64 65  1
 29 37 38 39 59 71  1
 29 37 38 39 59 69 70  1
 29 37 38 39 58 69 71  1
 29 37 38 39 58 69 70  3
 29 37 38 39 58 67 68 71  1
 29 37 38 39 58 67 68 69 70  1
 29 37 38 39 55 56 58 71  1
 29 37 38 39 55 56 58 69 70  1
 29 37 38 39 44 59  1
 29 37 38 39 44 58 69  1
 29 37 38 39 44 58 67 68  1
 29 37 38 39 44 55 56 58  1
 29 37 38 39 42 58 71  1
 29 37 38 39 42 58 69 70  1
 29 37 38 39 42 44 58  1
 12 56 59 66 71  1
 12 56 59 66 69 70  1
 12 56 59 64 65 71  1
 12 56 59 64 65 69 70  1
 12 56 58 66 69 71  3
 12 56 58 66 69 70  9
 12 56 58 66 67 68 71  3
 12 56 58 66 67 68 69 70  3
 12 56 58 64 65 69 71  3
 12 56 58 64 65 69 70  9
 12 56 58 64 65 67 68 71  3
 12 56 58 64 65 67 68 69 70  3
 12 54 55 59 66 71  1
 12 54 55 59 66 69 70  1
 12 54 55 59 64 65 71  1
 12 54 55 59 64 65 69 70  1
 12 54 55 58 66 69 71  1
 12 54 55 58 66 69 70  3
 12 54 55 58 66 67 68 71  1
 12 54 55 58 66 67 68 69 70  1
 12 54 55 58 64 65 69 71  1
 12 54 55 58 64 65 69 70  3
 12 54 55 58 64 65 67 68 71  1
 12 54 55 58 64 65 67 68 69 70  1
 12 54 55 56 58 66 71  1
 12 54 55 56 58 66 69 70  1
 12 54 55 56 58 64 65 71  1
 12 54 55 56 58 64 65 69 70  1
 12 44 56 59 66  1
 12 44 56 59 64 65  1
 12 44 56 58 66 69  3
 12 44 56 58 66 67 68  3
 12 44 56 58 64 65 69  3
 12 44 56 58 64 65 67 68  3
 12 44 54 55 59 66  1
 12 44 54 55 59 64 65  1
 12 44 54 55 58 66 69  1
 12 44 54 55 58 66 67 68  1
 12 44 54 55 58 64 65 69  1
 12 44 54 55 58 64 65 67 68  1
 12 44 54 55 56 58 66  1
 12 44 54 55 56 58 64 65  1
 12 42 56 58 66 71  3
 12 42 56 58 66 69 70  3
 12 42 56 58 64 65 71  3
 12 42 56 58 64 65 69 70  3
 12 42 54 55 58 66 71  1
 12 42 54 55 58 66 69 70  1
 12 42 54 55 58 64 65 71  1
 12 42 54 55 58 64 65 69 70  1
 12 42 44 56 58 66  3
 12 42 44 56 58 64 65  3
 12 42 44 54 55 58 66  1
 12 42 44 54 55 58 64 65  1
 12 39 56 59 71  1
 12 39 56 59 69 70  1
 12 39 56 58 69 71  3
 12 39 56 58 69 70  9
 12 39 56 58 67 68 71  3
 12 39 56 58 67 68 69 70  3
 12 39 54 55 59 71  1
 12 39 54 55 59 69 70  1
 12 39 54 55 58 69 71  1
 12 39 54 55 58 69 70  3
 12 39 54 55 58 67 68 71  1
 12 39 54 55 58 67 68 69 70  1
 12 39 54 55 56 58 71  1
 12 39 54 55 56 58 69 70  1
 12 39 44 56 59  1
 12 39 44 56 58 69  3
 12 39 44 56 58 67 68  3
 12 39 44 54 55 59  1
 12 39 44 54 55 58 69  1
 12 39 44 54 55 58 67 68  1
 12 39 44 54 55 56 58  1
 12 39 42 56 58 71  3
 12 39 42 56 58 69 70  3
 12 39 42 54 55 58 71  1
 12 39 42 54 55 58 69 70  1
 12 39 42 44 56 58  3
 12 39 42 44 54 55 58  1
 12 29 59 66 71  1
 12 29 59 66 69 70  1
 12 29 59 64 65 71  1
 12 29 59 64 65 69 70  1
 12 29 58 66 69 71  1
 12 29 58 66 69 70  3
 12 29 58 66 67 68 71  1
 12 29 58 66 67 68 69 70  1
 12 29 58 64 65 69 71  1
 12 29 58 64 65 69 70  3
 12 29 58 64 65 67 68 71  1
 12 29 58 64 65 67 68 69 70  1
 12 29 55 56 58 66 71  1
 12 29 55 56 58 66 69 70  1
 12 29 55 56 58 64 65 71  1
 12 29 55 56 58 64 65 69 70  1
 12 29 44 59 66  1
 12 29 44 59 64 65  1
 12 29 44 58 66 69  1
 12 29 44 58 66 67 68  1
 12 29 44 58 64 65 69  1
 12 29 44 58 64 65 67 68  1
 12 29 44 55 56 58 66  1
 12 29 44 55 56 58 64 65  1
 12 29 42 58 66 71  1
 12 29 42 58 66 69 70  1
 12 29 42 58 64 65 71  1
 12 29 42 58 64 65 69 70  1
 12 29 42 44 58 66  1
 12 29 42 44 58 64 65  1
 12 29 39 59 71  1
 12 29 39 59 69 70  1
 12 29 39 58 69 71  1
 12 29 39 58 69 70  3
 12 29 39 58 67 68 71  1
 12 29 39 58 67 68 69 70  1
 12 29 39 55 56 58 71  1
 12 29 39 55 56 58 69 70  1
 12 29 39 44 59  1
 12 29 39 44 58 69  1
 12 29 39 44 58 67 68  1
 12 29 39 44 55 56 58  1
 12 29 39 42 58 71  1
 12 29 39 42 58 69 70  1
 12 29 39 42 44 58  1
 58 69 72  3
 58 69 70 71  3
 58 67 68 72  3
 58 67 68 70 71  3
 57 58 69  3
 57 58 67 68  3
 56 58 71  3
 56 58 69 70  3
 55 56 58 69  3
 55 56 58 67 68  3
 54 55 58 71  3
 54 55 58 69 70  3
 45 58 69  3
 45 58 67 68  3
 44 56 58  3
 44 54 55 58  3
 42 58 72  3
 42 58 70 71  3
 42 57 58  3
 42 55 56 58  3
 42 45 58  3
 30 58 69  3
 30 58 67 68  3
 30 42 58  3
 29 58 71  3
 29 58 69 70  3
 29 44 58  3
 37 38 71  5
 37 38 69 70  5
 37 38 58 67 68 71  3
 37 38 58 67 68 69 70  3
 37 38 44  5
 37 38 44 58 67 68  3
 12 71  5
 12 69 70  5
 12 58 67 68 71  3
 12 58 67 68 69 70  3
 12 44  5
 12 44 58 67 68  3
 50 58 65  25
 48 49 58 65  25
 23 58 65  25
 39 59 67 71  1
 39 59 67 69 70  1
 39 58 67 69 71  1
 39 58 67 69 70  3
 39 55 56 58 67 71  1
 39 55 56 58 67 69 70  1
 39 44 59 67  1
 39 44 58 67 69  1
 39 44 55 56 58 67  1
 39 42 58 67 71  1
 39 42 58 67 69 70  1
 39 42 44 58 67  1
 37 38 59 67 71  1
 37 38 59 67 69 70  1
 37 38 58 67 69 71  1
 37 38 58 67 69 70  3
 37 38 55 56 58 67 71  1
 37 38 55 56 58 67 69 70  1
 37 38 44 59 67  1
 37 38 44 58 67 69  1
 37 38 44 55 56 58 67  1
 37 38 42 58 67 71  1
 37 38 42 58 67 69 70  1
 37 38 42 44 58 67  1
 12 59 67 71  1
 12 59 67 69 70  1
 12 58 67 69 71  1
 12 58 67 69 70  3
 12 55 56 58 67 71  1
 12 55 56 58 67 69 70  1
 12 44 59 67  1
 12 44 58 67 69  1
 12 44 55 56 58 67  1
 12 42 58 67 71  1
 12 42 58 67 69 70  1
 12 42 44 58 67  1
 39 59 69 71  1
 39 59 67 68 71  1
 39 59 67 68 69 70  1
 39 59 66 69 71  1
 39 59 66 67 68 71  1
 39 59 66 67 68 69 70  1
 39 59 64 65 69 71  1
 39 59 64 65 67 68 71  1
 39 59 64 65 67 68 69 70  1
 39 55 56 58 69 71  1
 39 55 56 58 67 68 71  1
 39 55 56 58 67 68 69 70  1
 39 55 56 58 66 69 71  1
 39 55 56 58 66 67 68 71  1
 39 55 56 58 66 67 68 69 70  1
 39 55 56 58 64 65 69 71  1
 39 55 56 58 64 65 67 68 71  1
 39 55 56 58 64 65 67 68 69 70  1
 39 44 59 69  1
 39 44 59 67 68  1
 39 44 59 66 69  1
 39 44 59 66 67 68  1
 39 44 59 64 65 69  1
 39 44 59 64 65 67 68  1
 39 44 55 56 58 69  1
 39 44 55 56 58 67 68  1
 39 44 55 56 58 66 69  1
 39 44 55 56 58 66 67 68  1
 39 44 55 56 58 64 65 69  1
 39 44 55 56 58 64 65 67 68  1
 39 42 59 71  1
 39 42 59 69 70  1
 39 42 59 66 71  1
 39 42 59 66 69 70  1
 39 42 59 64 65 71  1
 39 42 59 64 65 69 70  1
 39 42 55 56 58 71  1
 39 42 55 56 58 69 70  1
 39 42 55 56 58 66 71  1
 39 42 55 56 58 66 69 70  1
 39 42 55 56 58 64 65 71  1
 39 42 55 56 58 64 65 69 70  1
 39 42 44 59  1
 39 42 44 59 66  1
 39 42 44 59 64 65  1
 39 42 44 55 56 58  1
 39 42 44 55 56 58 66  1
 39 42 44 55 56 58 64 65  1
 37 38 59 66 69 71  1
 37 38 59 66 67 68 71  1
 37 38 59 66 67 68 69 70  1
 37 38 59 64 65 69 71  1
 37 38 59 64 65 67 68 71  1
 37 38 59 64 65 67 68 69 70  1
 37 38 55 56 58 66 69 71  1
 37 38 55 56 58 66 67 68 71  1
 37 38 55 56 58 66 67 68 69 70  1
 37 38 55 56 58 64 65 69 71  1
 37 38 55 56 58 64 65 67 68 71  1
 37 38 55 56 58 64 65 67 68 69 70  1
 37 38 44 59 66 69  1
 37 38 44 59 66 67 68  1
 37 38 44 59 64 65 69  1
 37 38 44 59 64 65 67 68  1
 37 38 44 55 56 58 66 69  1
 37 38 44 55 56 58 66 67 68  1
 37 38 44 55 56 58 64 65 69  1
 37 38 44 55 56 58 64 65 67 68  1
 37 38 42 59 66 71  1
 37 38 42 59 66 69 70  1
 37 38 42 59 64 65 71  1
 37 38 42 59 64 65 69 70  1
 37 38 42 55 56 58 66 71  1
 37 38 42 55 56 58 66 69 70  1
 37 38 42 55 56 58 64 65 71  1
 37 38 42 55 56 58 64 65 69 70  1
 37 38 42 44 59 66  1
 37 38 42 44 59 64 65  1
 37 38 42 44 55 56 58 66  1
 37 38 42 44 55 56 58 64 65  1
 37 38 39 59 69 71  1
 37 38 39 59 67 68 71  1
 37 38 39 59 67 68 69 70  1
 37 38 39 55 56 58 69 71  1
 37 38 39 55 56 58 67 68 71  1
 37 38 39 55 56 58 67 68 69 70  1
 37 38 39 44 59 69  1
 37 38 39 44 59 67 68  1
 37 38 39 44 55 56 58 69  1
 37 38 39 44 55 56 58 67 68  1
 37 38 39 42 59 71  1
 37 38 39 42 59 69 70  1
 37 38 39 42 55 56 58 71  1
 37 38 39 42 55 56 58 69 70  1
 37 38 39 42 44 59  1
 37 38 39 42 44 55 56 58  1
 12 59 66 69 71  1
 12 59 66 67 68 71  1
 12 59 66 67 68 69 70  1
 12 59 64 65 69 71  1
 12 59 64 65 67 68 71  1
 12 59 64 65 67 68 69 70  1
 12 55 56 58 66 69 71  1
 12 55 56 58 66 67 68 71  1
 12 55 56 58 66 67 68 69 70  1
 12 55 56 58 64 65 69 71  1
 12 55 56 58 64 65 67 68 71  1
 12 55 56 58 64 65 67 68 69 70  1
 12 44 59 66 69  1
 12 44 59 66 67 68  1
 12 44 59 64 65 69  1
 12 44 59 64 65 67 68  1
 12 44 55 56 58 66 69  1
 12 44 55 56 58 66 67 68  1
 12 44 55 56 58 64 65 69  1
 12 44 55 56 58 64 65 67 68  1
 12 42 59 66 71  1
 12 42 59 66 69 70  1
 12 42 59 64 65 71  1
 12 42 59 64 65 69 70  1
 12 42 55 56 58 66 71  1
 12 42 55 56 58 66 69 70  1
 12 42 55 56 58 64 65 71  1
 12 42 55 56 58 64 65 69 70  1
 12 42 44 59 66  1
 12 42 44 59 64 65  1
 12 42 44 55 56 58 66  1
 12 42 44 55 56 58 64 65  1
 12 39 59 69 71  1
 12 39 59 67 68 71  1
 12 39 59 67 68 69 70  1
 12 39 55 56 58 69 71  1
 12 39 55 56 58 67 68 71  1
 12 39 55 56 58 67 68 69 70  1
 12 39 44 59 69  1
 12 39 44 59 67 68  1
 12 39 44 55 56 58 69  1
 12 39 44 55 56 58 67 68  1
 12 39 42 59 71  1
 12 39 42 59 69 70  1
 12 39 42 55 56 58 71  1
 12 39 42 55 56 58 69 70  1
 12 39 42 44 59  1
 12 39 42 44 55 56 58  1
 39 72  1
 39 71 72  1
 39 69 72  1
 39 69 71 72  1
 39 67 68 72  1
 39 67 68 71 72  1
 39 67 68 69 70 72  1
 39 67 68 69 70 71  1
 39 66 72  1
 39 66 71 72  1
 39 66 69 72  1
 39 66 69 71 72  1
 39 66 67 68 72  1
 39 66 67 68 71 72  1
 39 66 67 68 69 70 72  1
 39 66 67 68 69 70 71  1
 39 64 65 72  1
 39 64 65 71 72  1
 39 64 65 69 72  1
 39 64 65 69 71 72  1
 39 64 65 67 68 72  1
 39 64 65 67 68 71 72  1
 39 64 65 67 68 69 70 72  1
 39 64 65 67 68 69 70 71  1
 39 59 72  1
 39 59 70 71  1
 39 59 69 72  1
 39 59 69 70 71  1
 39 59 67 68 72  1
 39 59 67 68 70 71  1
 39 59 66 72  1
 39 59 66 70 71  1
 39 59 66 69 72  1
 39 59 66 69 70 71  1
 39 59 66 67 68 72  1
 39 59 66 67 68 70 71  1
 39 59 64 65 72  1
 39 59 64 65 70 71  1
 39 59 64 65 69 72  1
 39 59 64 65 69 70 71  1
 39 59 64 65 67 68 72  1
 39 59 64 65 67 68 70 71  1
 39 45  1
 39 45 71  1
 39 45 69  1
 39 45 69 71  1
 39 45 67 68  1
 39 45 67 68 71  1
 39 45 67 68 69 70  1
 39 45 66  1
 39 45 66 71  1
 39 45 66 69  1
 39 45 66 69 71  1
 39 45 66 67 68  1
 39 45 66 67 68 71  1
 39 45 66 67 68 69 70  1
 39 45 64 65  1
 39 45 64 65 71  1
 39 45 64 65 69  1
 39 45 64 65 69 71  1
 39 45 64 65 67 68  1
 39 45 64 65 67 68 71  1
 39 45 64 65 67 68 69 70  1
 39 45 59  1
 39 45 59 69  1
 39 45 59 67 68  1
 39 45 59 66  1
 39 45 59 66 69  1
 39 45 59 66 67 68  1
 39 45 59 64 65  1
 39 45 59 64 65 69  1
 39 45 59 64 65 67 68  1
 39 44 72  1
 39 44 70 71  1
 39 44 69 72  1
 39 44 69 70 71  1
 39 44 67 68 72  1
 39 44 67 68 70 71  1
 39 44 66 72  1
 39 44 66 70 71  1
 39 44 66 69 72  1
 39 44 66 69 70 71  1
 39 44 66 67 68 72  1
 39 44 66 67 68 70 71  1
 39 44 64 65 72  1
 39 44 64 65 70 71  1
 39 44 64 65 69 72  1
 39 44 64 65 69 70 71  1
 39 44 64 65 67 68 72  1
 39 44 64 65 67 68 70 71  1
 39 44 45  1
 39 44 45 69  1
 39 44 45 67 68  1
 39 44 45 66  1
 39 44 45 66 69  1
 39 44 45 66 67 68  1
 39 44 45 64 65  1
 39 44 45 64 65 69  1
 39 44 45 64 65 67 68  1
 39 42 72  1
 39 42 71 72  1
 39 42 69 70 72  1
 39 42 69 70 71  1
 39 42 66 72  1
 39 42 66 71 72  1
 39 42 66 69 70 72  1
 39 42 66 69 70 71  1
 39 42 64 65 72  1
 39 42 64 65 71 72  1
 39 42 64 65 69 70 72  1
 39 42 64 65 69 70 71  1
 39 42 59 72  1
 39 42 59 70 71  1
 39 42 59 66 72  1
 39 42 59 66 70 71  1
 39 42 59 64 65 72  1
 39 42 59 64 65 70 71  1
 39 42 45  1
 39 42 45 71  1
 39 42 45 69 70  1
 39 42 45 66  1
 39 42 45 66 71  1
 39 42 45 66 69 70  1
 39 42 45 64 65  1
 39 42 45 64 65 71  1
 39 42 45 64 65 69 70  1
 39 42 45 59  1
 39 42 45 59 66  1
 39 42 45 59 64 65  1
 39 42 44 72  1
 39 42 44 70 71  1
 39 42 44 66 72  1
 39 42 44 66 70 71  1
 39 42 44 64 65 72  1
 39 42 44 64 65 70 71  1
 39 42 44 45  1
 39 42 44 45 66  1
 39 42 44 45 64 65  1
 37 38 66 72  1
 37 38 66 71 72  1
 37 38 66 69 72  1
 37 38 66 69 71 72  1
 37 38 66 67 68 72  1
 37 38 66 67 68 71 72  1
 37 38 66 67 68 69 70 72  1
 37 38 66 67 68 69 70 71  1
 37 38 64 65 72  1
 37 38 64 65 71 72  1
 37 38 64 65 69 72  1
 37 38 64 65 69 71 72  1
 37 38 64 65 67 68 72  1
 37 38 64 65 67 68 71 72  1
 37 38 64 65 67 68 69 70 72  1
 37 38 64 65 67 68 69 70 71  1
 37 38 59 66 72  1
 37 38 59 66 70 71  1
 37 38 59 66 69 72  1
 37 38 59 66 69 70 71  1
 37 38 59 66 67 68 72  1
 37 38 59 66 67 68 70 71  1
 37 38 59 64 65 72  1
 37 38 59 64 65 70 71  1
 37 38 59 64 65 69 72  1
 37 38 59 64 65 69 70 71  1
 37 38 59 64 65 67 68 72  1
 37 38 59 64 65 67 68 70 71  1
 37 38 45 66  1
 37 38 45 66 71  1
 37 38 45 66 69  1
 37 38 45 66 69 71  1
 37 38 45 66 67 68  1
 37 38 45 66 67 68 71  1
 37 38 45 66 67 68 69 70  1
 37 38 45 64 65  1
 37 38 45 64 65 71  1
 37 38 45 64 65 69  1
 37 38 45 64 65 69 71  1
 37 38 45 64 65 67 68  1
 37 38 45 64 65 67 68 71  1
 37 38 45 64 65 67 68 69 70  1
 37 38 45 59 66  1
 37 38 45 59 66 69  1
 37 38 45 59 66 67 68  1
 37 38 45 59 64 65  1
 37 38 45 59 64 65 69  1
 37 38 45 59 64 65 67 68  1
 37 38 44 66 72  1
 37 38 44 66 70 71  1
 37 38 44 66 69 72  1
 37 38 44 66 69 70 71  1
 37 38 44 66 67 68 72  1
 37 38 44 66 67 68 70 71  1
 37 38 44 64 65 72  1
 37 38 44 64 65 70 71  1
 37 38 44 64 65 69 72  1
 37 38 44 64 65 69 70 71  1
 37 38 44 64 65 67 68 72  1
 37 38 44 64 65 67 68 70 71  1
 37 38 44 45 66  1
 37 38 44 45 66 69  1
 37 38 44 45 66 67 68  1
 37 38 44 45 64 65  1
 37 38 44 45 64 65 69  1
 37 38 44 45 64 65 67 68  1
 37 38 42 66 72  1
 37 38 42 66 71 72  1
 37 38 42 66 69 70 72  1
 37 38 42 66 69 70 71  1
 37 38 42 64 65 72  1
 37 38 42 64 65 71 72  1
 37 38 42 64 65 69 70 72  1
 37 38 42 64 65 69 70 71  1
 37 38 42 59 66 72  1
 37 38 42 59 66 70 71  1
 37 38 42 59 64 65 72  1
 37 38 42 59 64 65 70 71  1
 37 38 42 45 66  1
 37 38 42 45 66 71  1
 37 38 42 45 66 69 70  1
 37 38 42 45 64 65  1
 37 38 42 45 64 65 71  1
 37 38 42 45 64 65 69 70  1
 37 38 42 45 59 66  1
 37 38 42 45 59 64 65  1
 37 38 42 44 66 72  1
 37 38 42 44 66 70 71  1
 37 38 42 44 64 65 72  1
 37 38 42 44 64 65 70 71  1
 37 38 42 44 45 66  1
 37 38 42 44 45 64 65  1
 37 38 39 72  1
 37 38 39 71 72  1
 37 38 39 69 72  1
 37 38 39 69 71 72  1
 37 38 39 67 68 72  1
 37 38 39 67 68 71 72  1
 37 38 39 67 68 69 70 72  1
 37 38 39 67 68 69 70 71  1
 37 38 39 59 72  1
 37 38 39 59 70 71  1
 37 38 39 59 69 72  1
 37 38 39 59 69 70 71  1
 37 38 39 59 67 68 72  1
 37 38 39 59 67 68 70 71  1
 37 38 39 45  1
 37 38 39 45 71  1
 37 38 39 45 69  1
 37 38 39 45 69 71  1
 37 38 39 45 67 68  1
 37 38 39 45 67 68 71  1
 37 38 39 45 67 68 69 70  1
 37 38 39 45 59  1
 37 38 39 45 59 69  1
 37 38 39 45 59 67 68  1
 37 38 39 44 72  1
 37 38 39 44 70 71  1
 37 38 39 44 69 72  1
 37 38 39 44 69 70 71  1
 37 38 39 44 67 68 72  1
 37 38 39 44 67 68 70 71  1
 37 38 39 44 45  1
 37 38 39 44 45 69  1
 37 38 39 44 45 67 68  1
 37 38 39 42 72  1
 37 38 39 42 71 72  1
 37 38 39 42 69 70 72  1
 37 38 39 42 69 70 71  1
 37 38 39 42 59 72  1
 37 38 39 42 59 70 71  1
 37 38 39 42 45  1
 37 38 39 42 45 71  1
 37 38 39 42 45 69 70  1
 37 38 39 42 45 59  1
 37 38 39 42 44 72  1
 37 38 39 42 44 70 71  1
 37 38 39 42 44 45  1
 12 66 72  1
 12 66 71 72  1
 12 66 69 72  1
 12 66 69 71 72  1
 12 66 67 68 72  1
 12 66 67 68 71 72  1
 12 66 67 68 69 70 72  1
 12 66 67 68 69 70 71  1
 12 64 65 72  1
 12 64 65 71 72  1
 12 64 65 69 72  1
 12 64 65 69 71 72  1
 12 64 65 67 68 72  1
 12 64 65 67 68 71 72  1
 12 64 65 67 68 69 70 72  1
 12 64 65 67 68 69 70 71  1
 12 59 66 72  1
 12 59 66 70 71  1
 12 59 66 69 72  1
 12 59 66 69 70 71  1
 12 59 66 67 68 72  1
 12 59 66 67 68 70 71  1
 12 59 64 65 72  1
 12 59 64 65 70 71  1
 12 59 64 65 69 72  1
 12 59 64 65 69 70 71  1
 12 59 64 65 67 68 72  1
 12 59 64 65 67 68 70 71  1
 12 45 66  1
 12 45 66 71  1
 12 45 66 69  1
 12 45 66 69 71  1
 12 45 66 67 68  1
 12 45 66 67 68 71  1
 12 45 66 67 68 69 70  1
 12 45 64 65  1
 12 45 64 65 71  1
 12 45 64 65 69  1
 12 45 64 65 69 71  1
 12 45 64 65 67 68  1
 12 45 64 65 67 68 71  1
 12 45 64 65 67 68 69 70  1
 12 45 59 66  1
 12 45 59 66 69  1
 12 45 59 66 67 68  1
 12 45 59 64 65  1
 12 45 59 64 65 69  1
 12 45 59 64 65 67 68  1
 12 44 66 72  1
 12 44 66 70 71  1
 12 44 66 69 72  1
 12 44 66 69 70 71  1
 12 44 66 67 68 72  1
 12 44 66 67 68 70 71  1
 12 44 64 65 72  1
 12 44 64 65 70 71  1
 12 44 64 65 69 72  1
 12 44 64 65 69 70 71  1
 12 44 64 65 67 68 72  1
 12 44 64 65 67 68 70 71  1
 12 44 45 66  1
 12 44 45 66 69  1
 12 44 45 66 67 68  1
 12 44 45 64 65  1
 12 44 45 64 65 69  1
 12 44 45 64 65 67 68  1
 12 42 66 72  1
 12 42 66 71 72  1
 12 42 66 69 70 72  1
 12 42 66 69 70 71  1
 12 42 64 65 72  1
 12 42 64 65 71 72  1
 12 42 64 65 69 70 72  1
 12 42 64 65 69 70 71  1
 12 42 59 66 72  1
 12 42 59 66 70 71  1
 12 42 59 64 65 72  1
 12 42 59 64 65 70 71  1
 12 42 45 66  1
 12 42 45 66 71  1
 12 42 45 66 69 70  1
 12 42 45 64 65  1
 12 42 45 64 65 71  1
 12 42 45 64 65 69 70  1
 12 42 45 59 66  1
 12 42 45 59 64 65  1
 12 42 44 66 72  1
 12 42 44 66 70 71  1
 12 42 44 64 65 72  1
 12 42 44 64 65 70 71  1
 12 42 44 45 66  1
 12 42 44 45 64 65  1
 12 39 72  1
 12 39 71 72  1
 12 39 69 72  1
 12 39 69 71 72  1
 12 39 67 68 72  1
 12 39 67 68 71 72  1
 12 39 67 68 69 70 72  1
 12 39 67 68 69 70 71  1
 12 39 59 72  1
 12 39 59 70 71  1
 12 39 59 69 72  1
 12 39 59 69 70 71  1
 12 39 59 67 68 72  1
 12 39 59 67 68 70 71  1
 12 39 45  1
 12 39 45 71  1
 12 39 45 69  1
 12 39 45 69 71  1
 12 39 45 67 68  1
 12 39 45 67 68 71  1
 12 39 45 67 68 69 70  1
 12 39 45 59  1
 12 39 45 59 69  1
 12 39 45 59 67 68  1
 12 39 44 72  1
 12 39 44 70 71  1
 12 39 44 69 72  1
 12 39 44 69 70 71  1
 12 39 44 67 68 72  1
 12 39 44 67 68 70 71  1
 12 39 44 45  1
 12 39 44 45 69  1
 12 39 44 45 67 68  1
 12 39 42 72  1
 12 39 42 71 72  1
 12 39 42 69 70 72  1
 12 39 42 69 70 71  1
 12 39 42 59 72  1
 12 39 42 59 70 71  1
 12 39 42 45  1
 12 39 42 45 71  1
 12 39 42 45 69 70  1
 12 39 42 45 59  1
 12 39 42 44 72  1
 12 39 42 44 70 71  1
 12 39 42 44 45  1
 39 59 65 71  1
 39 59 65 69 70  1
 39 59 63 64 71  1
 39 59 63 64 69 70  1
 39 59 63 64 66 71  1
 39 59 63 64 66 69 70  1
 39 59 63 64 65 71  1
 39 59 63 64 65 69 70  1
 39 58 63 64 69 70  3
 39 58 63 64 66 69 70  3
 39 58 63 64 65 69 70  3
 39 44 59 65  1
 39 44 59 63 64  1
 39 44 59 63 64 66  1
 39 44 59 63 64 65  1
 38 39 59 71  1
 38 39 59 69 70  1
 38 39 59 66 71  1
 38 39 59 66 69 70  1
 38 39 59 64 65 71  1
 38 39 59 64 65 69 70  1
 38 39 58 69 70  3
 38 39 58 66 69 70  3
 38 39 58 64 65 69 70  3
 38 39 44 59  1
 38 39 44 59 66  1
 38 39 44 59 64 65  1
 37 38 59 63 64 66 71  1
 37 38 59 63 64 66 69 70  1
 37 38 59 63 64 65 71  1
 37 38 59 63 64 65 69 70  1
 37 38 58 63 64 66 69 70  3
 37 38 58 63 64 65 69 70  3
 37 38 44 59 63 64 66  1
 37 38 44 59 63 64 65  1
 37 38 39 59 65 71  1
 37 38 39 59 65 69 70  1
 37 38 39 59 63 64 71  1
 37 38 39 59 63 64 69 70  1
 37 38 39 58 65 69 70  3
 37 38 39 58 63 64 69 70  3
 37 38 39 44 59 65  1
 37 38 39 44 59 63 64  1
 12 59 63 64 66 71  1
 12 59 63 64 66 69 70  1
 12 59 63 64 65 71  1
 12 59 63 64 65 69 70  1
 12 58 63 64 66 69 70  3
 12 58 63 64 65 69 70  3
 12 44 59 63 64 66  1
 12 44 59 63 64 65  1
 12 39 59 65 71  1
 12 39 59 65 69 70  1
 12 39 59 63 64 71  1
 12 39 59 63 64 69 70  1
 12 39 58 65 69 70  3
 12 39 58 63 64 69 70  3
 12 39 44 59 65  1
 12 39 44 59 63 64  1
 12 38 59 66 71  1
 12 38 59 66 69 70  1
 12 38 59 64 65 71  1
 12 38 59 64 65 69 70  1
 12 38 58 66 69 70  3
 12 38 58 64 65 69 70  3
 12 38 44 59 66  1
 12 38 44 59 64 65  1
 12 38 39 59 71  1
 12 38 39 59 69 70  1
 12 38 39 58 69 70  3
 12 38 39 44 59  1
 50 56 58 65  1
 50 54 56 58 65  1
 50 53 56 58 65  1
 50 51 53 56 58 65  1
 50 51 52 56 58 65  3
 48 49 56 58 65  1
 48 49 54 56 58 65  1
 48 49 53 56 58 65  1
 48 49 50 51 53 56 58 65  1
 48 49 50 51 52 56 58 65  1
 41 65  1
 41 65 69  1
 41 65 67 68  1
 41 58 65  1
 41 58 65 69  1
 41 58 65 67 68  1
 41 42 65  1
 41 42 58 65  1
 39 50 56 58 65  1
 39 48 49 56 58 65  1
 39 40 65  1
 39 40 65 69  1
 39 40 65 67 68  1
 39 40 58 65  1
 39 40 58 65 69  1
 39 40 58 65 67 68  1
 39 40 42 65  1
 39 40 42 58 65  1
 37 38 50 56 58 65  1
 37 38 48 49 56 58 65  1
 27 50 56 58 65  1
 27 48 49 56 58 65  1
 26 50 56 58 65  1
 26 50 52 56 58 65  1
 26 50 51 56 58 65  1
 26 48 49 56 58 65  1
 26 48 49 52 56 58 65  1
 26 48 49 50 51 56 58 65  1
 25 50 53 56 58 65  1
 25 50 51 52 56 58 65  1
 25 48 49 53 56 58 65  1
 25 48 49 51 52 56 58 65  1
 25 26 50 56 58 65  1
 25 26 48 49 56 58 65  1
 23 56 58 65  1
 23 54 56 58 65  1
 23 53 56 58 65  1
 23 50 51 53 56 58 65  1
 23 50 51 52 56 58 65  1
 23 39 56 58 65  1
 23 37 38 56 58 65  1
 23 27 56 58 65  1
 23 26 56 58 65  1
 23 26 52 56 58 65  1
 23 26 50 51 56 58 65  1
 23 25 53 56 58 65  1
 23 25 51 52 56 58 65  1
 23 25 26 56 58 65  1
 14 65  1
 14 65 69  1
 14 65 67 68  1
 14 58 65  1
 14 58 65 69  1
 14 58 65 67 68  1
 14 42 65  1
 14 42 58 65  1
 12 50 56 58 65  1
 12 48 49 56 58 65  1
 12 23 56 58 65  1
 39 52 59 71  1
 39 52 59 69 70  1
 39 52 58 69 71  1
 39 52 58 69 70  3
 39 52 58 67 68 71  1
 39 52 58 67 68 69 70  1
 39 52 55 56 58 71  1
 39 52 55 56 58 69 70  1
 39 50 51 59 71  1
 39 50 51 59 69 70  1
 39 50 51 58 69 71  1
 39 50 51 58 69 70  3
 39 50 51 58 67 68 71  1
 39 50 51 58 67 68 69 70  1
 39 50 51 55 56 58 71  1
 39 50 51 55 56 58 69 70  1
 39 44 52 59  1
 39 44 52 58 69  1
 39 44 52 58 67 68  1
 39 44 52 55 56 58  1
 39 44 50 51 59  1
 39 44 50 51 58 69  1
 39 44 50 51 58 67 68  1
 39 44 50 51 55 56 58  1
 39 42 52 58 71  1
 39 42 52 58 69 70  1
 39 42 50 51 58 71  1
 39 42 50 51 58 69 70  1
 39 42 44 52 58  1
 39 42 44 50 51 58  1
 37 38 59 71  1
 37 38 59 69 70  1
 37 38 52 59 71  1
 37 38 52 59 69 70  1
 37 38 52 58 69 71  1
 37 38 52 58 69 70  3
 37 38 52 58 67 68 71  1
 37 38 52 58 67 68 69 70  1
 37 38 52 55 56 58 71  1
 37 38 52 55 56 58 69 70  1
 37 38 50 51 59 71  1
 37 38 50 51 59 69 70  1
 37 38 50 51 58 69 71  1
 37 38 50 51 58 69 70  3
 37 38 50 51 58 67 68 71  1
 37 38 50 51 58 67 68 69 70  1
 37 38 50 51 55 56 58 71  1
 37 38 50 51 55 56 58 69 70  1
 37 38 44 59  1
 37 38 44 52 59  1
 37 38 44 52 58 69  1
 37 38 44 52 58 67 68  1
 37 38 44 52 55 56 58  1
 37 38 44 50 51 59  1
 37 38 44 50 51 58 69  1
 37 38 44 50 51 58 67 68  1
 37 38 44 50 51 55 56 58  1
 37 38 42 52 58 71  1
 37 38 42 52 58 69 70  1
 37 38 42 50 51 58 71  1
 37 38 42 50 51 58 69 70  1
 37 38 42 44 52 58  1
 37 38 42 44 50 51 58  1
 25 39 59 71  1
 25 39 59 69 70  1
 25 39 58 69 71  1
 25 39 58 69 70  3
 25 39 58 67 68 71  1
 25 39 58 67 68 69 70  1
 25 39 55 56 58 71  1
 25 39 55 56 58 69 70  1
 25 39 44 59  1
 25 39 44 58 69  1
 25 39 44 58 67 68  1
 25 39 44 55 56 58  1
 25 39 42 58 71  1
 25 39 42 58 69 70  1
 25 39 42 44 58  1
 25 37 38 59 71  1
 25 37 38 59 69 70  1
 25 37 38 58 69 71  1
 25 37 38 58 69 70  3
 25 37 38 58 67 68 71  1
 25 37 38 58 67 68 69 70  1
 25 37 38 55 56 58 71  1
 25 37 38 55 56 58 69 70  1
 25 37 38 44 59  1
 25 37 38 44 58 69  1
 25 37 38 44 58 67 68  1
 25 37 38 44 55 56 58  1
 25 37 38 42 58 71  1
 25 37 38 42 58 69 70  1
 25 37 38 42 44 58  1
 12 59 71  1
 12 59 69 70  1
 12 52 59 71  1
 12 52 59 69 70  1
 12 52 58 69 71  1
 12 52 58 69 70  3
 12 52 58 67 68 71  1
 12 52 58 67 68 69 70  1
 12 52 55 56 58 71  1
 12 52 55 56 58 69 70  1
 12 50 51 59 71  1
 12 50 51 59 69 70  1
 12 50 51 58 69 71  1
 12 50 51 58 69 70  3
 12 50 51 58 67 68 71  1
 12 50 51 58 67 68 69 70  1
 12 50 51 55 56 58 71  1
 12 50 51 55 56 58 69 70  1
 12 44 59  1
 12 44 52 59  1
 12 44 52 58 69  1
 12 44 52 58 67 68  1
 12 44 52 55 56 58  1
 12 44 50 51 59  1
 12 44 50 51 58 69  1
 12 44 50 51 58 67 68  1
 12 44 50 51 55 56 58  1
 12 42 52 58 71  1
 12 42 52 58 69 70  1
 12 42 50 51 58 71  1
 12 42 50 51 58 69 70  1
 12 42 44 52 58  1
 12 42 44 50 51 58  1
 12 25 59 71  1
 12 25 59 69 70  1
 12 25 58 69 71  1
 12 25 58 69 70  3
 12 25 58 67 68 71  1
 12 25 58 67 68 69 70  1
 12 25 55 56 58 71  1
 12 25 55 56 58 69 70  1
 12 25 44 59  1
 12 25 44 58 69  1
 12 25 44 58 67 68  1
 12 25 44 55 56 58  1
 12 25 42 58 71  1
 12 25 42 58 69 70  1
 12 25 42 44 58  1
 39 57  1
 39 57 71  1
 39 57 69  1
 39 57 69 71  1
 39 57 67 68  1
 39 57 67 68 71  1
 39 57 67 68 69 70  1
 39 57 66  1
 39 57 66 71  1
 39 57 66 69  1
 39 57 66 69 71  1
 39 57 66 67 68  1
 39 57 66 67 68 71  1
 39 57 66 67 68 69 70  1
 39 57 64 65  1
 39 57 64 65 71  1
 39 57 64 65 69  1
 39 57 64 65 69 71  1
 39 57 64 65 67 68  1
 39 57 64 65 67 68 71  1
 39 57 64 65 67 68 69 70  1
 39 57 59  1
 39 57 59 69  1
 39 57 59 67 68  1
 39 57 59 66  1
 39 57 59 66 69  1
 39 57 59 66 67 68  1
 39 57 59 64 65  1
 39 57 59 64 65 69  1
 39 57 59 64 65 67 68  1
 39 55 56  1
 39 55 56 71  1
 39 55 56 69  1
 39 55 56 69 71  1
 39 55 56 67 68  1
 39 55 56 67 68 71  1
 39 55 56 67 68 69 70  1
 39 55 56 66  1
 39 55 56 66 71  1
 39 55 56 66 69  1
 39 55 56 66 69 71  1
 39 55 56 66 67 68  1
 39 55 56 66 67 68 71  1
 39 55 56 66 67 68 69 70  1
 39 55 56 64 65  1
 39 55 56 64 65 71  1
 39 55 56 64 65 69  1
 39 55 56 64 65 69 71  1
 39 55 56 64 65 67 68  1
 39 55 56 64 65 67 68 71  1
 39 55 56 64 65 67 68 69 70  1
 39 55 56 59  1
 39 55 56 59 69  1
 39 55 56 59 67 68  1
 39 55 56 59 66  1
 39 55 56 59 66 69  1
 39 55 56 59 66 67 68  1
 39 55 56 59 64 65  1
 39 55 56 59 64 65 69  1
 39 55 56 59 64 65 67 68  1
 39 44 57  1
 39 44 57 69  1
 39 44 57 67 68  1
 39 44 57 66  1
 39 44 57 66 69  1
 39 44 57 66 67 68  1
 39 44 57 64 65  1
 39 44 57 64 65 69  1
 39 44 57 64 65 67 68  1
 39 44 55 56  1
 39 44 55 56 69  1
 39 44 55 56 67 68  1
 39 44 55 56 66  1
 39 44 55 56 66 69  1
 39 44 55 56 66 67 68  1
 39 44 55 56 64 65  1
 39 44 55 56 64 65 69  1
 39 44 55 56 64 65 67 68  1
 39 42 57  1
 39 42 57 71  1
 39 42 57 69 70  1
 39 42 57 66  1
 39 42 57 66 71  1
 39 42 57 66 69 70  1
 39 42 57 64 65  1
 39 42 57 64 65 71  1
 39 42 57 64 65 69 70  1
 39 42 57 59  1
 39 42 57 59 66  1
 39 42 57 59 64 65  1
 39 42 55 56  1
 39 42 55 56 71  1
 39 42 55 56 69 70  1
 39 42 55 56 66  1
 39 42 55 56 66 71  1
 39 42 55 56 66 69 70  1
 39 42 55 56 64 65  1
 39 42 55 56 64 65 71  1
 39 42 55 56 64 65 69 70  1
 39 42 55 56 59  1
 39 42 55 56 59 66  1
 39 42 55 56 59 64 65  1
 39 42 44 57  1
 39 42 44 57 66  1
 39 42 44 57 64 65  1
 39 42 44 55 56  1
 39 42 44 55 56 66  1
 39 42 44 55 56 64 65  1
 37 38 57 66  1
 37 38 57 66 71  1
 37 38 57 66 69  1
 37 38 57 66 69 71  1
 37 38 57 66 67 68  1
 37 38 57 66 67 68 71  1
 37 38 57 66 67 68 69 70  1
 37 38 57 64 65  1
 37 38 57 64 65 71  1
 37 38 57 64 65 69  1
 37 38 57 64 65 69 71  1
 37 38 57 64 65 67 68  1
 37 38 57 64 65 67 68 71  1
 37 38 57 64 65 67 68 69 70  1
 37 38 57 59 66  1
 37 38 57 59 66 69  1
 37 38 57 59 66 67 68  1
 37 38 57 59 64 65  1
 37 38 57 59 64 65 69  1
 37 38 57 59 64 65 67 68  1
 37 38 55 56 66  1
 37 38 55 56 66 71  1
 37 38 55 56 66 69  1
 37 38 55 56 66 69 71  1
 37 38 55 56 66 67 68  1
 37 38 55 56 66 67 68 71  1
 37 38 55 56 66 67 68 69 70  1
 37 38 55 56 64 65  1
 37 38 55 56 64 65 71  1
 37 38 55 56 64 65 69  1
 37 38 55 56 64 65 69 71  1
 37 38 55 56 64 65 67 68  1
 37 38 55 56 64 65 67 68 71  1
 37 38 55 56 64 65 67 68 69 70  1
 37 38 55 56 59 66  1
 37 38 55 56 59 66 69  1
 37 38 55 56 59 66 67 68  1
 37 38 55 56 59 64 65  1
 37 38 55 56 59 64 65 69  1
 37 38 55 56 59 64 65 67 68  1
 37 38 44 57 66  1
 37 38 44 57 66 69  1
 37 38 44 57 66 67 68  1
 37 38 44 57 64 65  1
 37 38 44 57 64 65 69  1
 37 38 44 57 64 65 67 68  1
 37 38 44 55 56 66  1
 37 38 44 55 56 66 69  1
 37 38 44 55 56 66 67 68  1
 37 38 44 55 56 64 65  1
 37 38 44 55 56 64 65 69  1
 37 38 44 55 56 64 65 67 68  1
 37 38 42 57 66  1
 37 38 42 57 66 71  1
 37 38 42 57 66 69 70  1
 37 38 42 57 64 65  1
 37 38 42 57 64 65 71  1
 37 38 42 57 64 65 69 70  1
 37 38 42 57 59 66  1
 37 38 42 57 59 64 65  1
 37 38 42 55 56 66  1
 37 38 42 55 56 66 71  1
 37 38 42 55 56 66 69 70  1
 37 38 42 55 56 64 65  1
 37 38 42 55 56 64 65 71  1
 37 38 42 55 56 64 65 69 70  1
 37 38 42 55 56 59 66  1
 37 38 42 55 56 59 64 65  1
 37 38 42 44 57 66  1
 37 38 42 44 57 64 65  1
 37 38 42 44 55 56 66  1
 37 38 42 44 55 56 64 65  1
 37 38 39 57  1
 37 38 39 57 71  1
 37 38 39 57 69  1
 37 38 39 57 69 71  1
 37 38 39 57 67 68  1
 37 38 39 57 67 68 71  1
 37 38 39 57 67 68 69 70  1
 37 38 39 57 59  1
 37 38 39 57 59 69  1
 37 38 39 57 59 67 68  1
 37 38 39 55 56  1
 37 38 39 55 56 71  1
 37 38 39 55 56 69  1
 37 38 39 55 56 69 71  1
 37 38 39 55 56 67 68  1
 37 38 39 55 56 67 68 71  1
 37 38 39 55 56 67 68 69 70  1
 37 38 39 55 56 59  1
 37 38 39 55 56 59 69  1
 37 38 39 55 56 59 67 68  1
 37 38 39 44 57  1
 37 38 39 44 57 69  1
 37 38 39 44 57 67 68  1
 37 38 39 44 55 56  1
 37 38 39 44 55 56 69  1
 37 38 39 44 55 56 67 68  1
 37 38 39 42 57  1
 37 38 39 42 57 71  1
 37 38 39 42 57 69 70  1
 37 38 39 42 57 59  1
 37 38 39 42 55 56  1
 37 38 39 42 55 56 71  1
 37 38 39 42 55 56 69 70  1
 37 38 39 42 55 56 59  1
 37 38 39 42 44 57  1
 37 38 39 42 44 55 56  1
 30 39  1
 30 39 71  1
 30 39 69  1
 30 39 69 71  1
 30 39 67 68  1
 30 39 67 68 71  1
 30 39 67 68 69 70  1
 30 39 66  1
 30 39 66 71  1
 30 39 66 69  1
 30 39 66 69 71  1
 30 39 66 67 68  1
 30 39 66 67 68 71  1
 30 39 66 67 68 69 70  1
 30 39 64 65  1
 30 39 64 65 71  1
 30 39 64 65 69  1
 30 39 64 65 69 71  1
 30 39 64 65 67 68  1
 30 39 64 65 67 68 71  1
 30 39 64 65 67 68 69 70  1
 30 39 59  1
 30 39 59 69  1
 30 39 59 67 68  1
 30 39 59 66  1
 30 39 59 66 69  1
 30 39 59 66 67 68  1
 30 39 59 64 65  1
 30 39 59 64 65 69  1
 30 39 59 64 65 67 68  1
 30 39 44  1
 30 39 44 69  1
 30 39 44 67 68  1
 30 39 44 66  1
 30 39 44 66 69  1
 30 39 44 66 67 68  1
 30 39 44 64 65  1
 30 39 44 64 65 69  1
 30 39 44 64 65 67 68  1
 30 39 42  1
 30 39 42 71  1
 30 39 42 69 70  1
 30 39 42 66  1
 30 39 42 66 71  1
 30 39 42 66 69 70  1
 30 39 42 64 65  1
 30 39 42 64 65 71  1
 30 39 42 64 65 69 70  1
 30 39 42 59  1
 30 39 42 59 66  1
 30 39 42 59 64 65  1
 30 39 42 44  1
 30 39 42 44 66  1
 30 39 42 44 64 65  1
 30 37 38 66  1
 30 37 38 66 71  1
 30 37 38 66 69  1
 30 37 38 66 69 71  1
 30 37 38 66 67 68  1
 30 37 38 66 67 68 71  1
 30 37 38 66 67 68 69 70  1
 30 37 38 64 65  1
 30 37 38 64 65 71  1
 30 37 38 64 65 69  1
 30 37 38 64 65 69 71  1
 30 37 38 64 65 67 68  1
 30 37 38 64 65 67 68 71  1
 30 37 38 64 65 67 68 69 70  1
 30 37 38 59 66  1
 30 37 38 59 66 69  1
 30 37 38 59 66 67 68  1
 30 37 38 59 64 65  1
 30 37 38 59 64 65 69  1
 30 37 38 59 64 65 67 68  1
 30 37 38 44 66  1
 30 37 38 44 66 69  1
 30 37 38 44 66 67 68  1
 30 37 38 44 64 65  1
 30 37 38 44 64 65 69  1
 30 37 38 44 64 65 67 68  1
 30 37 38 42 66  1
 30 37 38 42 66 71  1
 30 37 38 42 66 69 70  1
 30 37 38 42 64 65  1
 30 37 38 42 64 65 71  1
 30 37 38 42 64 65 69 70  1
 30 37 38 42 59 66  1
 30 37 38 42 59 64 65  1
 30 37 38 42 44 66  1
 30 37 38 42 44 64 65  1
 30 37 38 39  1
 30 37 38 39 71  1
 30 37 38 39 69  1
 30 37 38 39 69 71  1
 30 37 38 39 67 68  1
 30 37 38 39 67 68 71  1
 30 37 38 39 67 68 69 70  1
 30 37 38 39 59  1
 30 37 38 39 59 69  1
 30 37 38 39 59 67 68  1
 30 37 38 39 44  1
 30 37 38 39 44 69  1
 30 37 38 39 44 67 68  1
 30 37 38 39 42  1
 30 37 38 39 42 71  1
 30 37 38 39 42 69 70  1
 30 37 38 39 42 59  1
 30 37 38 39 42 44  1
 12 57 66  1
 12 57 66 71  1
 12 57 66 69  1
 12 57 66 69 71  1
 12 57 66 67 68  1
 12 57 66 67 68 71  1
 12 57 66 67 68 69 70  1
 12 57 64 65  1
 12 57 64 65 71  1
 12 57 64 65 69  1
 12 57 64 65 69 71  1
 12 57 64 65 67 68  1
 12 57 64 65 67 68 71  1
 12 57 64 65 67 68 69 70  1
 12 57 59 66  1
 12 57 59 66 69  1
 12 57 59 66 67 68  1
 12 57 59 64 65  1
 12 57 59 64 65 69  1
 12 57 59 64 65 67 68  1
 12 55 56 66  1
 12 55 56 66 71  1
 12 55 56 66 69  1
 12 55 56 66 69 71  1
 12 55 56 66 67 68  1
 12 55 56 66 67 68 71  1
 12 55 56 66 67 68 69 70  1
 12 55 56 64 65  1
 12 55 56 64 65 71  1
 12 55 56 64 65 69  1
 12 55 56 64 65 69 71  1
 12 55 56 64 65 67 68  1
 12 55 56 64 65 67 68 71  1
 12 55 56 64 65 67 68 69 70  1
 12 55 56 59 66  1
 12 55 56 59 66 69  1
 12 55 56 59 66 67 68  1
 12 55 56 59 64 65  1
 12 55 56 59 64 65 69  1
 12 55 56 59 64 65 67 68  1
 12 44 57 66  1
 12 44 57 66 69  1
 12 44 57 66 67 68  1
 12 44 57 64 65  1
 12 44 57 64 65 69  1
 12 44 57 64 65 67 68  1
 12 44 55 56 66  1
 12 44 55 56 66 69  1
 12 44 55 56 66 67 68  1
 12 44 55 56 64 65  1
 12 44 55 56 64 65 69  1
 12 44 55 56 64 65 67 68  1
 12 42 57 66  1
 12 42 57 66 71  1
 12 42 57 66 69 70  1
 12 42 57 64 65  1
 12 42 57 64 65 71  1
 12 42 57 64 65 69 70  1
 12 42 57 59 66  1
 12 42 57 59 64 65  1
 12 42 55 56 66  1
 12 42 55 56 66 71  1
 12 42 55 56 66 69 70  1
 12 42 55 56 64 65  1
 12 42 55 56 64 65 71  1
 12 42 55 56 64 65 69 70  1
 12 42 55 56 59 66  1
 12 42 55 56 59 64 65  1
 12 42 44 57 66  1
 12 42 44 57 64 65  1
 12 42 44 55 56 66  1
 12 42 44 55 56 64 65  1
 12 39 57  1
 12 39 57 71  1
 12 39 57 69  1
 12 39 57 69 71  1
 12 39 57 67 68  1
 12 39 57 67 68 71  1
 12 39 57 67 68 69 70  1
 12 39 57 59  1
 12 39 57 59 69  1
 12 39 57 59 67 68  1
 12 39 55 56  1
 12 39 55 56 71  1
 12 39 55 56 69  1
 12 39 55 56 69 71  1
 12 39 55 56 67 68  1
 12 39 55 56 67 68 71  1
 12 39 55 56 67 68 69 70  1
 12 39 55 56 59  1
 12 39 55 56 59 69  1
 12 39 55 56 59 67 68  1
 12 39 44 57  1
 12 39 44 57 69  1
 12 39 44 57 67 68  1
 12 39 44 55 56  1
 12 39 44 55 56 69  1
 12 39 44 55 56 67 68  1
 12 39 42 57  1
 12 39 42 57 71  1
 12 39 42 57 69 70  1
 12 39 42 57 59  1
 12 39 42 55 56  1
 12 39 42 55 56 71  1
 12 39 42 55 56 69 70  1
 12 39 42 55 56 59  1
 12 39 42 44 57  1
 12 39 42 44 55 56  1
 12 30 66  1
 12 30 66 71  1
 12 30 66 69  1
 12 30 66 69 71  1
 12 30 66 67 68  1
 12 30 66 67 68 71  1
 12 30 66 67 68 69 70  1
 12 30 64 65  1
 12 30 64 65 71  1
 12 30 64 65 69  1
 12 30 64 65 69 71  1
 12 30 64 65 67 68  1
 12 30 64 65 67 68 71  1
 12 30 64 65 67 68 69 70  1
 12 30 59 66  1
 12 30 59 66 69  1
 12 30 59 66 67 68  1
 12 30 59 64 65  1
 12 30 59 64 65 69  1
 12 30 59 64 65 67 68  1
 12 30 44 66  1
 12 30 44 66 69  1
 12 30 44 66 67 68  1
 12 30 44 64 65  1
 12 30 44 64 65 69  1
 12 30 44 64 65 67 68  1
 12 30 42 66  1
 12 30 42 66 71  1
 12 30 42 66 69 70  1
 12 30 42 64 65  1
 12 30 42 64 65 71  1
 12 30 42 64 65 69 70  1
 12 30 42 59 66  1
 12 30 42 59 64 65  1
 12 30 42 44 66  1
 12 30 42 44 64 65  1
 12 30 39  1
 12 30 39 71  1
 12 30 39 69  1
 12 30 39 69 71  1
 12 30 39 67 68  1
 12 30 39 67 68 71  1
 12 30 39 67 68 69 70  1
 12 30 39 59  1
 12 30 39 59 69  1
 12 30 39 59 67 68  1
 12 30 39 44  1
 12 30 39 44 69  1
 12 30 39 44 67 68  1
 12 30 39 42  1
 12 30 39 42 71  1
 12 30 39 42 69 70  1
 12 30 39 42 59  1
 12 30 39 42 44  1
 39 50 59 71  1
 39 50 59 69 70  1
 39 50 58 69 71  1
 39 50 58 67 68 71  1
 39 50 58 67 68 69 70  1
 39 50 55 56 58 71  1
 39 50 55 56 58 69 70  1
 39 48 49 59 71  1
 39 48 49 59 69 70  1
 39 48 49 58 69 71  1
 39 48 49 58 67 68 71  1
 39 48 49 58 67 68 69 70  1
 39 48 49 55 56 58 71  1
 39 48 49 55 56 58 69 70  1
 39 44 50 59  1
 39 44 50 58 69  1
 39 44 50 58 67 68  1
 39 44 50 55 56 58  1
 39 44 48 49 59  1
 39 44 48 49 58 69  1
 39 44 48 49 58 67 68  1
 39 44 48 49 55 56 58  1
 39 42 50 58 71  1
 39 42 50 58 69 70  1
 39 42 48 49 58 71  1
 39 42 48 49 58 69 70  1
 39 42 44 50 58  1
 39 42 44 48 49 58  1
 37 38 50 59 71  1
 37 38 50 59 69 70  1
 37 38 50 58 69 71  1
 37 38 50 58 67 68 71  1
 37 38 50 58 67 68 69 70  1
 37 38 50 55 56 58 71  1
 37 38 50 55 56 58 69 70  1
 37 38 48 49 59 71  1
 37 38 48 49 59 69 70  1
 37 38 48 49 58 69 71  1
 37 38 48 49 58 67 68 71  1
 37 38 48 49 58 67 68 69 70  1
 37 38 48 49 55 56 58 71  1
 37 38 48 49 55 56 58 69 70  1
 37 38 44 50 59  1
 37 38 44 50 58 69  1
 37 38 44 50 58 67 68  1
 37 38 44 50 55 56 58  1
 37 38 44 48 49 59  1
 37 38 44 48 49 58 69  1
 37 38 44 48 49 58 67 68  1
 37 38 44 48 49 55 56 58  1
 37 38 42 50 58 71  1
 37 38 42 50 58 69 70  1
 37 38 42 48 49 58 71  1
 37 38 42 48 49 58 69 70  1
 37 38 42 44 50 58  1
 37 38 42 44 48 49 58  1
 23 39 59 71  1
 23 39 59 69 70  1
 23 39 58 69 71  1
 23 39 58 67 68 71  1
 23 39 58 67 68 69 70  1
 23 39 55 56 58 71  1
 23 39 55 56 58 69 70  1
 23 39 44 59  1
 23 39 44 58 69  1
 23 39 44 58 67 68  1
 23 39 44 55 56 58  1
 23 39 42 58 71  1
 23 39 42 58 69 70  1
 23 39 42 44 58  1
 23 37 38 59 71  1
 23 37 38 59 69 70  1
 23 37 38 58 69 71  1
 23 37 38 58 67 68 71  1
 23 37 38 58 67 68 69 70  1
 23 37 38 55 56 58 71  1
 23 37 38 55 56 58 69 70  1
 23 37 38 44 59  1
 23 37 38 44 58 69  1
 23 37 38 44 58 67 68  1
 23 37 38 44 55 56 58  1
 23 37 38 42 58 71  1
 23 37 38 42 58 69 70  1
 23 37 38 42 44 58  1
 12 50 59 71  1
 12 50 59 69 70  1
 12 50 58 69 71  1
 12 50 58 67 68 71  1
 12 50 58 67 68 69 70  1
 12 50 55 56 58 71  1
 12 50 55 56 58 69 70  1
 12 48 49 59 71  1
 12 48 49 59 69 70  1
 12 48 49 58 69 71  1
 12 48 49 58 67 68 71  1
 12 48 49 58 67 68 69 70  1
 12 48 49 55 56 58 71  1
 12 48 49 55 56 58 69 70  1
 12 44 50 59  1
 12 44 50 58 69  1
 12 44 50 58 67 68  1
 12 44 50 55 56 58  1
 12 44 48 49 59  1
 12 44 48 49 58 69  1
 12 44 48 49 58 67 68  1
 12 44 48 49 55 56 58  1
 12 42 50 58 71  1
 12 42 50 58 69 70  1
 12 42 48 49 58 71  1
 12 42 48 49 58 69 70  1
 12 42 44 50 58  1
 12 42 44 48 49 58  1
 12 23 59 71  1
 12 23 59 69 70  1
 12 23 58 69 71  1
 12 23 58 67 68 71  1
 12 23 58 67 68 69 70  1
 12 23 55 56 58 71  1
 12 23 55 56 58 69 70  1
 12 23 44 59  1
 12 23 44 58 69  1
 12 23 44 58 67 68  1
 12 23 44 55 56 58  1
 12 23 42 58 71  1
 12 23 42 58 69 70  1
 12 23 42 44 58  1
 39 58 65 69 71  1
 39 58 65 67 68 71  1
 39 58 65 67 68 69 70  1
 39 58 63 64 69 71  1
 39 58 63 64 67 68 71  1
 39 58 63 64 67 68 69 70  1
 39 58 63 64 66 69 71  1
 39 58 63 64 66 67 68 71  1
 39 58 63 64 66 67 68 69 70  1
 39 58 63 64 65 69 71  1
 39 58 63 64 65 67 68 71  1
 39 58 63 64 65 67 68 69 70  1
 39 44 58 65 69  1
 39 44 58 65 67 68  1
 39 44 58 63 64 69  1
 39 44 58 63 64 67 68  1
 39 44 58 63 64 66 69  1
 39 44 58 63 64 66 67 68  1
 39 44 58 63 64 65 69  1
 39 44 58 63 64 65 67 68  1
 39 42 58 65 71  1
 39 42 58 65 69 70  1
 39 42 58 63 64 71  1
 39 42 58 63 64 69 70  1
 39 42 58 63 64 66 71  1
 39 42 58 63 64 66 69 70  1
 39 42 58 63 64 65 71  1
 39 42 58 63 64 65 69 70  1
 39 42 44 58 65  1
 39 42 44 58 63 64  1
 39 42 44 58 63 64 66  1
 39 42 44 58 63 64 65  1
 38 39 58 69 71  1
 38 39 58 67 68 71  1
 38 39 58 67 68 69 70  1
 38 39 58 66 69 71  1
 38 39 58 66 67 68 71  1
 38 39 58 66 67 68 69 70  1
 38 39 58 64 65 69 71  1
 38 39 58 64 65 67 68 71  1
 38 39 58 64 65 67 68 69 70  1
 38 39 44 58 69  1
 38 39 44 58 67 68  1
 38 39 44 58 66 69  1
 38 39 44 58 66 67 68  1
 38 39 44 58 64 65 69  1
 38 39 44 58 64 65 67 68  1
 38 39 42 58 71  1
 38 39 42 58 69 70  1
 38 39 42 58 66 71  1
 38 39 42 58 66 69 70  1
 38 39 42 58 64 65 71  1
 38 39 42 58 64 65 69 70  1
 38 39 42 44 58  1
 38 39 42 44 58 66  1
 38 39 42 44 58 64 65  1
 37 38 58 63 64 66 69 71  1
 37 38 58 63 64 66 67 68 71  1
 37 38 58 63 64 66 67 68 69 70  1
 37 38 58 63 64 65 69 71  1
 37 38 58 63 64 65 67 68 71  1
 37 38 58 63 64 65 67 68 69 70  1
 37 38 44 58 63 64 66 69  1
 37 38 44 58 63 64 66 67 68  1
 37 38 44 58 63 64 65 69  1
 37 38 44 58 63 64 65 67 68  1
 37 38 42 58 63 64 66 71  1
 37 38 42 58 63 64 66 69 70  1
 37 38 42 58 63 64 65 71  1
 37 38 42 58 63 64 65 69 70  1
 37 38 42 44 58 63 64 66  1
 37 38 42 44 58 63 64 65  1
 37 38 39 58 65 69 71  1
 37 38 39 58 65 67 68 71  1
 37 38 39 58 65 67 68 69 70  1
 37 38 39 58 63 64 69 71  1
 37 38 39 58 63 64 67 68 71  1
 37 38 39 58 63 64 67 68 69 70  1
 37 38 39 44 58 65 69  1
 37 38 39 44 58 65 67 68  1
 37 38 39 44 58 63 64 69  1
 37 38 39 44 58 63 64 67 68  1
 37 38 39 42 58 65 71  1
 37 38 39 42 58 65 69 70  1
 37 38 39 42 58 63 64 71  1
 37 38 39 42 58 63 64 69 70  1
 37 38 39 42 44 58 65  1
 37 38 39 42 44 58 63 64  1
 12 58 63 64 66 69 71  1
 12 58 63 64 66 67 68 71  1
 12 58 63 64 66 67 68 69 70  1
 12 58 63 64 65 69 71  1
 12 58 63 64 65 67 68 71  1
 12 58 63 64 65 67 68 69 70  1
 12 44 58 63 64 66 69  1
 12 44 58 63 64 66 67 68  1
 12 44 58 63 64 65 69  1
 12 44 58 63 64 65 67 68  1
 12 42 58 63 64 66 71  1
 12 42 58 63 64 66 69 70  1
 12 42 58 63 64 65 71  1
 12 42 58 63 64 65 69 70  1
 12 42 44 58 63 64 66  1
 12 42 44 58 63 64 65  1
 12 39 58 65 69 71  1
 12 39 58 65 67 68 71  1
 12 39 58 65 67 68 69 70  1
 12 39 58 63 64 69 71  1
 12 39 58 63 64 67 68 71  1
 12 39 58 63 64 67 68 69 70  1
 12 39 44 58 65 69  1
 12 39 44 58 65 67 68  1
 12 39 44 58 63 64 69  1
 12 39 44 58 63 64 67 68  1
 12 39 42 58 65 71  1
 12 39 42 58 65 69 70  1
 12 39 42 58 63 64 71  1
 12 39 42 58 63 64 69 70  1
 12 39 42 44 58 65  1
 12 39 42 44 58 63 64  1
 12 38 58 66 69 71  1
 12 38 58 66 67 68 71  1
 12 38 58 66 67 68 69 70  1
 12 38 58 64 65 69 71  1
 12 38 58 64 65 67 68 71  1
 12 38 58 64 65 67 68 69 70  1
 12 38 44 58 66 69  1
 12 38 44 58 66 67 68  1
 12 38 44 58 64 65 69  1
 12 38 44 58 64 65 67 68  1
 12 38 42 58 66 71  1
 12 38 42 58 66 69 70  1
 12 38 42 58 64 65 71  1
 12 38 42 58 64 65 69 70  1
 12 38 42 44 58 66  1
 12 38 42 44 58 64 65  1
 12 38 39 58 69 71  1
 12 38 39 58 67 68 71  1
 12 38 39 58 67 68 69 70  1
 12 38 39 44 58 69  1
 12 38 39 44 58 67 68  1
 12 38 39 42 58 71  1
 12 38 39 42 58 69 70  1
 12 38 39 42 44 58  1
 36 50 58 65  7
 36 48 49 58 65  7
 23 36 58 65  7
 58 62 65  1
 58 62 63 65  1
 58 61 62 64 65  1
 58 61 62 63 65  1
 54 58 62 65  1
 54 58 62 63 65  1
 54 58 61 62 64 65  1
 54 58 61 62 63 65  1
 53 62 65 71  1
 53 62 65 69 70  1
 53 62 63 65 71  1
 53 62 63 65 69 70  1
 53 61 62 64 65 71  1
 53 61 62 64 65 69 70  1
 53 61 62 63 65 71  1
 53 61 62 63 65 69 70  1
 53 58 62 65  1
 53 58 62 63 65  1
 53 58 61 62 64 65  1
 53 58 61 62 63 65  1
 51 52 62 65 71  1
 51 52 62 65 69 70  1
 51 52 62 63 65 71  1
 51 52 62 63 65 69 70  1
 51 52 61 62 64 65 71  1
 51 52 61 62 64 65 69 70  1
 51 52 61 62 63 65 71  1
 51 52 61 62 63 65 69 70  1
 50 54 58 65  1
 50 53 65 71  1
 50 53 65 69 70  1
 50 53 58 65  1
 50 51 53 71  1
 50 51 53 69 70  1
 50 51 53 58  1
 50 51 53 58 65  3
 50 51 53 58 62 65  1
 50 51 53 58 62 63 65  1
 50 51 53 58 61 62 64 65  1
 50 51 53 58 61 62 63 65  1
 50 51 52 71  1
 50 51 52 69 70  1
 50 51 52 65 71  1
 50 51 52 65 69 70  1
 50 51 52 58  1
 50 51 52 58 65  5
 50 51 52 58 62 65  1
 50 51 52 58 62 63 65  1
 50 51 52 58 61 62 64 65  1
 50 51 52 58 61 62 63 65  1
 48 49 54 58 65  1
 48 49 53 65 71  1
 48 49 53 65 69 70  1
 48 49 53 58 65  1
 48 49 51 52 65 71  1
 48 49 51 52 65 69 70  1
 48 49 50 51 53 58 65  1
 48 49 50 51 52 58 65  1
 44 53 62 65  1
 44 53 62 63 65  1
 44 53 61 62 64 65  1
 44 53 61 62 63 65  1
 44 51 52 62 65  1
 44 51 52 62 63 65  1
 44 51 52 61 62 64 65  1
 44 51 52 61 62 63 65  1
 44 50 53 65  1
 44 50 51 53  1
 44 50 51 52  1
 44 50 51 52 65  1
 44 48 49 53 65  1
 44 48 49 51 52 65  1
 39 58 62 65  1
 39 58 62 63 65  1
 39 58 61 62 64 65  1
 39 58 61 62 63 65  1
 39 50 58 65  1
 39 48 49 58 65  1
 37 58 63 65  1
 37 58 61 62 65  1
 37 54 58 63 65  1
 37 54 58 61 62 65  1
 37 53 63 65 71  1
 37 53 63 65 69 70  1
 37 53 61 62 65 71  1
 37 53 61 62 65 69 70  1
 37 53 58 63 65  1
 37 53 58 61 62 65  1
 37 51 52 63 65 71  1
 37 51 52 63 65 69 70  1
 37 51 52 61 62 65 71  1
 37 51 52 61 62 65 69 70  1
 37 50 51 53 58 63 65  1
 37 50 51 53 58 61 62 65  1
 37 50 51 52 58 63 65  1
 37 50 51 52 58 61 62 65  1
 37 44 53 63 65  1
 37 44 53 61 62 65  1
 37 44 51 52 63 65  1
 37 44 51 52 61 62 65  1
 37 39 58 63 65  1
 37 39 58 61 62 65  1
 37 38 58 63 65  1
 37 38 58 62 65  1
 37 38 58 62 63 65  1
 37 38 58 61 62 65  1
 37 38 58 61 62 64 65  1
 37 38 58 61 62 63 65  1
 37 38 50 58 65  1
 37 38 48 49 58 65  1
 36 58 64 65  1
 36 58 62 63 65  1
 36 54 58 64 65  1
 36 54 58 62 63 65  1
 36 53 64 65 71  1
 36 53 64 65 69 70  1
 36 53 62 63 65 71  1
 36 53 62 63 65 69 70  1
 36 53 58 64 65  1
 36 53 58 62 63 65  1
 36 51 52 64 65 71  1
 36 51 52 64 65 69 70  1
 36 51 52 62 63 65 71  1
 36 51 52 62 63 65 69 70  1
 36 50 51 53 58 64 65  1
 36 50 51 53 58 62 63 65  1
 36 50 51 52 58 64 65  1
 36 50 51 52 58 62 63 65  1
 36 44 53 64 65  1
 36 44 53 62 63 65  1
 36 44 51 52 64 65  1
 36 44 51 52 62 63 65  1
 36 39 58 64 65  1
 36 39 58 62 63 65  1
 36 37 58 65  1
 36 37 54 58 65  1
 36 37 53 65 71  1
 36 37 53 65 69 70  1
 36 37 53 58 65  1
 36 37 51 52 65 71  1
 36 37 51 52 65 69 70  1
 36 37 50 51 53 58 65  1
 36 37 50 51 52 58 65  1
 36 37 44 53 65  1
 36 37 44 51 52 65  1
 36 37 39 58 65  1
 36 37 38 58 64 65  1
 36 37 38 58 62 63 65  1
 27 58 62 65  1
 27 58 62 63 65  1
 27 58 61 62 64 65  1
 27 58 61 62 63 65  1
 27 50 58 65  1
 27 48 49 58 65  1
 27 37 58 63 65  1
 27 37 58 61 62 65  1
 27 36 58 64 65  1
 27 36 58 62 63 65  1
 27 36 37 58 65  1
 26 62 65 71  1
 26 62 65 69 70  1
 26 62 63 65 71  1
 26 62 63 65 69 70  1
 26 61 62 64 65 71  1
 26 61 62 64 65 69 70  1
 26 61 62 63 65 71  1
 26 61 62 63 65 69 70  1
 26 58 62 65  1
 26 58 62 63 65  1
 26 58 61 62 64 65  1
 26 58 61 62 63 65  1
 26 52 71  1
 26 52 69 70  1
 26 52 58  1
 26 52 58 62 65  1
 26 52 58 62 63 65  1
 26 52 58 61 62 64 65  1
 26 52 58 61 62 63 65  1
 26 50 65 71  1
 26 50 65 69 70  1
 26 50 58 65  1
 26 50 52 58 65  1
 26 50 51 71  1
 26 50 51 69 70  1
 26 50 51 58  1
 26 50 51 58 65  3
 26 50 51 58 62 65  1
 26 50 51 58 62 63 65  1
 26 50 51 58 61 62 64 65  1
 26 50 51 58 61 62 63 65  1
 26 48 49 65 71  1
 26 48 49 65 69 70  1
 26 48 49 58 65  1
 26 48 49 52 58 65  1
 26 48 49 50 51 58 65  1
 26 44 62 65  1
 26 44 62 63 65  1
 26 44 61 62 64 65  1
 26 44 61 62 63 65  1
 26 44 52  1
 26 44 50 65  1
 26 44 50 51  1
 26 44 48 49 65  1
 26 37 63 65 71  1
 26 37 63 65 69 70  1
 26 37 61 62 65 71  1
 26 37 61 62 65 69 70  1
 26 37 58 63 65  1
 26 37 58 61 62 65  1
 26 37 52 58 63 65  1
 26 37 52 58 61 62 65  1
 26 37 50 51 58 63 65  1
 26 37 50 51 58 61 62 65  1
 26 37 44 63 65  1
 26 37 44 61 62 65  1
 26 36 64 65 71  1
 26 36 64 65 69 70  1
 26 36 62 63 65 71  1
 26 36 62 63 65 69 70  1
 26 36 58 64 65  1
 26 36 58 62 63 65  1
 26 36 52 58 64 65  1
 26 36 52 58 62 63 65  1
 26 36 50 51 58 64 65  1
 26 36 50 51 58 62 63 65  1
 26 36 44 64 65  1
 26 36 44 62 63 65  1
 26 36 37 65 71  1
 26 36 37 65 69 70  1
 26 36 37 58 65  1
 26 36 37 52 58 65  1
 26 36 37 50 51 58 65  1
 26 36 37 44 65  1
 25 53 71  1
 25 53 69 70  1
 25 53 58  1
 25 53 58 62 65  1
 25 53 58 62 63 65  1
 25 53 58 61 62 64 65  1
 25 53 58 61 62 63 65  1
 25 51 52 71  1
 25 51 52 69 70  1
 25 51 52 58  1
 25 51 52 58 62 65  1
 25 51 52 58 62 63 65  1
 25 51 52 58 61 62 64 65  1
 25 51 52 58 61 62 63 65  1
 25 50 53 58 65  1
 25 50 51 52 58 65  1
 25 48 49 53 58 65  1
 25 48 49 51 52 58 65  1
 25 44 53  1
 25 44 51 52  1
 25 37 53 58 63 65  1
 25 37 53 58 61 62 65  1
 25 37 51 52 58 63 65  1
 25 37 51 52 58 61 62 65  1
 25 36 53 58 64 65  1
 25 36 53 58 62 63 65  1
 25 36 51 52 58 64 65  1
 25 36 51 52 58 62 63 65  1
 25 36 37 53 58 65  1
 25 36 37 51 52 58 65  1
 25 26 71  1
 25 26 69 70  1
 25 26 58  1
 25 26 58 62 65  1
 25 26 58 62 63 65  1
 25 26 58 61 62 64 65  1
 25 26 58 61 62 63 65  1
 25 26 50 58 65  1
 25 26 48 49 58 65  1
 25 26 44  1
 25 26 37 58 63 65  1
 25 26 37 58 61 62 65  1
 25 26 36 58 64 65  1
 25 26 36 58 62 63 65  1
 25 26 36 37 58 65  1
 23 54 58 65  1
 23 53 65 71  1
 23 53 65 69 70  1
 23 53 58 65  1
 23 51 52 65 71  1
 23 51 52 65 69 70  1
 23 50 51 53 58 65  1
 23 50 51 52 58 65  1
 23 44 53 65  1
 23 44 51 52 65  1
 23 39 58 65  1
 23 37 38 58 65  1
 23 27 58 65  1
 23 26 65 71  1
 23 26 65 69 70  1
 23 26 58 65  1
 23 26 52 58 65  1
 23 26 50 51 58 65  1
 23 26 44 65  1
 23 25 53 58 65  1
 23 25 51 52 58 65  1
 23 25 26 58 65  1
 20 53 65 71  1
 20 53 65 69 70  1
 20 51 52 65 71  1
 20 51 52 65 69 70  1
 20 44 53 65  1
 20 44 51 52 65  1
 20 26 65 71  1
 20 26 65 69 70  1
 20 26 44 65  1
 18 19 53 65 71  1
 18 19 53 65 69 70  1
 18 19 51 52 65 71  1
 18 19 51 52 65 69 70  1
 18 19 44 53 65  1
 18 19 44 51 52 65  1
 18 19 26 65 71  1
 18 19 26 65 69 70  1
 18 19 26 44 65  1
 12 58 62 65  1
 12 58 62 63 65  1
 12 58 61 62 64 65  1
 12 58 61 62 63 65  1
 12 50 58 65  1
 12 48 49 58 65  1
 12 37 58 63 65  1
 12 37 58 61 62 65  1
 12 36 58 64 65  1
 12 36 58 62 63 65  1
 12 36 37 58 65  1
 12 23 58 65  1
