 53  1
 51 52  1
 41  1
 41 76  1
 41 74 75  1
 41 69  1
 41 67 68  1
 41 57 76  1
 41 57 74 75  1
 41 55 56 76  1
 41 55 56 74 75  1
 41 49  1
 41 49 57  1
 41 49 55 56  1
 41 42  1
 39 40  7
 39 40 76  1
 39 40 74 75  1
 39 40 69  1
 39 40 67 68  1
 39 40 57 76  1
 39 40 57 74 75  1
 39 40 55 56 76  1
 39 40 55 56 74 75  1
 39 40 49  1
 39 40 49 57  1
 39 40 49 55 56  1
 39 40 42  1
 36 41  1
 36 41 57  1
 36 41 55 56  1
 36 39 40  1
 36 39 40 57  1
 36 39 40 55 56  1
 28  1
 28 69  1
 28 67 68  1
 28 57  1
 28 55 56  1
 28 42  1
 26  1
 26 27  1
 26 27 69  1
 26 27 67 68  1
 26 27 57  1
 26 27 55 56  1
 26 27 42  1
 14  1
 14 76  1
 14 74 75  1
 14 69  1
 14 67 68  1
 14 57 76  1
 14 57 74 75  1
 14 55 56 76  1
 14 55 56 74 75  1
 14 49  1
 14 49 57  1
 14 49 55 56  1
 14 42  1
 14 36  1
 14 36 57  1
 14 36 55 56  1
 1  1
 1 69  1
 1 67 68  1
 1 57  1
 1 55 56  1
 1 42  1
