 46 76  11
 46 74 75  11
 46 65 76  7
 46 65 74 75  7
 46 49  11
 46 49 65  7
 44 45 76  11
 44 45 74 75  11
 44 45 65 76  7
 44 45 65 74 75  7
 44 45 49  11
 44 45 49 65  7
 19 76  11
 19 74 75  11
 19 65 76  7
 19 65 74 75  7
 19 49  11
 19 49 65  7
 14 46 76  3
 14 46 74 75  3
 14 46 49  3
 14 44 45 76  3
 14 44 45 74 75  3
 14 44 45 49  3
 14 19 76  3
 14 19 74 75  3
 14 19 49  3
  11
 67  11
 65  11
 65 66  11
 58  11
 46  3
 46 57  1
 46 55 56  1
 44 45  3
 44 45 57  1
 44 45 55 56  1
 40  11
 19  3
 19 57  1
 19 55 56  1
