 71 78  3
 71 76 77  3
 69 70 78  3
 69 70 76 77  3
 59 71  7
 59 69 70  7
 59 67 71  3
 59 67 69 70  3
 59 65 66 71  3
 59 65 66 69 70  3
 58  41
 58 69  19
 58 69 76  9
 58 69 74 75  9
 58 67 68  19
 58 67 68 76  9
 58 67 68 74 75  9
 57  19
 57 58 71  5
 57 58 69 70  5
 57 58 67 71  3
 57 58 67 69 70  3
 57 58 65 66 71  3
 57 58 65 66 69 70  3
 56  43
 56 59 69  5
 56 59 67 68  5
 56 57 58 69  5
 56 57 58 67 68  5
 55 59 71  3
 55 59 69 70  3
 55 57 58 71  3
 55 57 58 69 70  3
 55 56  23
 54 59 71 78 79  3
 54 59 69 70 78 79  3
 54 57 58 71 78 79  3
 54 57 58 69 70 78 79  3
 53 76  7
 53 74 75  7
 53 56 61  3
 53 56 61 65  3
 53 56 61 62  3
 53 56 61 62 64  3
 53 54 59 71  3
 53 54 59 69 70  3
 53 54 57 58 71  3
 53 54 57 58 69 70  3
 51 71  3
 51 69 70  3
 51 52 76  7
 51 52 74 75  7
 51 52 56 61  3
 51 52 56 61 65  3
 51 52 56 61 62  3
 51 52 56 61 62 64  3
 50 53 56 61  3
 50 51 52 56 61  3
 49  15
 49 58 69  9
 49 58 67 68  9
 49 53  7
 49 51 52  7
 48 49 53 56 61  3
 48 49 51 52 56 61  3
 44 78  3
 44 76 77  3
 44 59  7
 44 59 67  3
 44 59 65 66  3
 44 57 58  5
 44 57 58 67  3
 44 57 58 65 66  3
 44 55 59  3
 44 55 57 58  3
 44 54 59 78 79  3
 44 54 57 58 78 79  3
 44 53 54 59  3
 44 53 54 57 58  3
 44 51  3
 42 58  19
 42 58 76  9
 42 58 74 75  9
 42 56 59  5
 42 56 57 58  5
 42 49 58  9
 40 59 71  3
 40 59 69 70  3
 40 57 58 71  3
 40 57 58 69 70  3
 40 44 59  3
 40 44 57 58  3
 39 71  9
 39 69 70  9
 39 44  9
 38 53 56 61  3
 38 51 52 56 61  3
 37 56  3
 37 53 56 61 63  3
 37 53 56 61 62  3
 37 51 52 56 61 63  3
 37 51 52 56 61 62  3
 36 53 56 61 64  3
 36 53 56 61 62 63  3
 36 51 52 56 61 64  3
 36 51 52 56 61 62 63  3
 36 37 53 56 61  3
 36 37 51 52 56 61  3
 35 36 56  3
 34  27
 34 68  9
 34 56 69 78  3
 34 56 69 76 77  3
 34 56 67 68 78  3
 34 56 67 68 76 77  3
 34 51 56 69  3
 34 51 56 67 68  3
 34 42 56 78  3
 34 42 56 76 77  3
 34 42 51 56  3
 34 39 56 69  1
 34 39 56 67 68  1
 34 39 42 56  1
 32 71  5
 32 69 70  5
 32 67 71  3
 32 67 69 70  3
 32 65 66 71  3
 32 65 66 69 70  3
 32 56 69  5
 32 56 67 68  5
 32 55 71  3
 32 55 69 70  3
 32 54 71 78 79  3
 32 54 69 70 78 79  3
 32 53 54 71  3
 32 53 54 69 70  3
 32 44  5
 32 44 67  3
 32 44 65 66  3
 32 44 55  3
 32 44 54 78 79  3
 32 44 53 54  3
 32 42 56  5
 32 40 71  3
 32 40 69 70  3
 32 40 44  3
 26 76  7
 26 74 75  7
 26 56 61  3
 26 56 61 65  3
 26 56 61 62  3
 26 56 61 62 64  3
 26 50 56 61  3
 26 49  7
 26 48 49 56 61  3
 26 38 56 61  3
 26 37 56 61 63  3
 26 37 56 61 62  3
 26 36 56 61 64  3
 26 36 56 61 62 63  3
 26 36 37 56 61  3
 26 34  9
 25 56  3
 24 25 34  9
 23 53 56 61  3
 23 51 52 56 61  3
 23 26 56 61  3
 10 56  3
 74  1
 72 73  1
 66 76  15
 66 74 75  15
 65  3
 64 65 76  15
 64 65 74 75  15
 63 64  1
 57 67  3
 57 65  3
 57 65 66  3
 55 56 67  3
 55 56 65  3
 55 56 65 66  3
 54 55  1
 49 66  15
 49 64 65  15
 47  3
 40 57  3
 40 55 56  3
 39 76  15
 39 74 75  15
 39 49  15
 38  1
 30  3
 30 67  3
 30 65  3
 30 65 66  3
 30 40  3
 29  1
 7  1
 5 6  1
