 22 53 58 61 65 68 76 78  1
 22 53 58 61 65 68 76 77  1
 22 53 58 61 65 68 74 75 78  1
 22 53 58 61 65 68 74 75 76 77  1
 22 53 58 59 60 65 68 76 78  1
 22 53 58 59 60 65 68 76 77  1
 22 53 58 59 60 65 68 74 75 78  1
 22 53 58 59 60 65 68 74 75 76 77  1
 22 51 53 58 61 65 68 76  1
 22 51 53 58 61 65 68 74 75  1
 22 51 53 58 59 60 65 68 76  1
 22 51 53 58 59 60 65 68 74 75  1
 22 51 52 58 61 65 68 76  1
 22 51 52 58 61 65 68 76 78  1
 22 51 52 58 61 65 68 76 77  1
 22 51 52 58 61 65 68 74 75  1
 22 51 52 58 61 65 68 74 75 78  1
 22 51 52 58 61 65 68 74 75 76 77  1
 22 51 52 58 59 60 65 68 76  1
 22 51 52 58 59 60 65 68 76 78  1
 22 51 52 58 59 60 65 68 76 77  1
 22 51 52 58 59 60 65 68 74 75  1
 22 51 52 58 59 60 65 68 74 75 78  1
 22 51 52 58 59 60 65 68 74 75 76 77  1
 22 49 53 58 61 65 68 78  1
 22 49 53 58 61 65 68 76 77  1
 22 49 53 58 59 60 65 68 78  1
 22 49 53 58 59 60 65 68 76 77  1
 22 49 51 53 58 61 65 68  1
 22 49 51 53 58 59 60 65 68  1
 22 49 51 52 58 61 65 68  1
 22 49 51 52 58 61 65 68 78  1
 22 49 51 52 58 61 65 68 76 77  1
 22 49 51 52 58 59 60 65 68  1
 22 49 51 52 58 59 60 65 68 78  1
 22 49 51 52 58 59 60 65 68 76 77  1
 22 34 53 58 65 68 76 78  1
 22 34 53 58 65 68 76 77  1
 22 34 53 58 65 68 74 75 78  1
 22 34 53 58 65 68 74 75 76 77  1
 22 34 51 53 58 65 68 76  1
 22 34 51 53 58 65 68 74 75  1
 22 34 51 52 58 65 68 76  1
 22 34 51 52 58 65 68 76 78  1
 22 34 51 52 58 65 68 76 77  1
 22 34 51 52 58 65 68 74 75  1
 22 34 51 52 58 65 68 74 75 78  1
 22 34 51 52 58 65 68 74 75 76 77  1
 22 34 49 53 58 65 68 78  1
 22 34 49 53 58 65 68 76 77  1
 22 34 49 51 53 58 65 68  1
 22 34 49 51 52 58 65 68  1
 22 34 49 51 52 58 65 68 78  1
 22 34 49 51 52 58 65 68 76 77  1
 22 26 58 61 65 76 78  3
 22 26 58 61 65 76 77  3
 22 26 58 61 65 74 75 78  3
 22 26 58 61 65 74 75 76 77  3
 22 26 58 61 65 68 76 78  1
 22 26 58 61 65 68 76 77  1
 22 26 58 61 65 68 74 75 78  1
 22 26 58 61 65 68 74 75 76 77  1
 22 26 58 59 60 65 76 78  3
 22 26 58 59 60 65 76 77  3
 22 26 58 59 60 65 74 75 78  3
 22 26 58 59 60 65 74 75 76 77  3
 22 26 58 59 60 65 68 76 78  1
 22 26 58 59 60 65 68 76 77  1
 22 26 58 59 60 65 68 74 75 78  1
 22 26 58 59 60 65 68 74 75 76 77  1
 22 26 51 58 61 65 76  3
 22 26 51 58 61 65 74 75  3
 22 26 51 58 61 65 68 76  1
 22 26 51 58 61 65 68 74 75  1
 22 26 51 58 59 60 65 76  3
 22 26 51 58 59 60 65 74 75  3
 22 26 51 58 59 60 65 68 76  1
 22 26 51 58 59 60 65 68 74 75  1
 22 26 49 58 61 65 78  3
 22 26 49 58 61 65 76 77  3
 22 26 49 58 61 65 68 78  1
 22 26 49 58 61 65 68 76 77  1
 22 26 49 58 59 60 65 78  3
 22 26 49 58 59 60 65 76 77  3
 22 26 49 58 59 60 65 68 78  1
 22 26 49 58 59 60 65 68 76 77  1
 22 26 49 51 58 61 65  3
 22 26 49 51 58 61 65 68  1
 22 26 49 51 58 59 60 65  3
 22 26 49 51 58 59 60 65 68  1
 22 26 34 58 65 76 78  3
 22 26 34 58 65 76 77  3
 22 26 34 58 65 74 75 78  3
 22 26 34 58 65 74 75 76 77  3
 22 26 34 58 65 68 76 78  1
 22 26 34 58 65 68 76 77  1
 22 26 34 58 65 68 74 75 78  1
 22 26 34 58 65 68 74 75 76 77  1
 22 26 34 51 58 65 76  3
 22 26 34 51 58 65 74 75  3
 22 26 34 51 58 65 68 76  1
 22 26 34 51 58 65 68 74 75  1
 22 26 34 49 58 65 78  3
 22 26 34 49 58 65 76 77  3
 22 26 34 49 58 65 68 78  1
 22 26 34 49 58 65 68 76 77  1
 22 26 34 49 51 58 65  3
 22 26 34 49 51 58 65 68  1
 26 58 61 64 65 76 78  3
 26 58 61 64 65 76 77  3
 26 58 61 64 65 74 75 78  3
 26 58 61 64 65 74 75 76 77  3
 26 58 59 60 64 65 76 78  3
 26 58 59 60 64 65 76 77  3
 26 58 59 60 64 65 74 75 78  3
 26 58 59 60 64 65 74 75 76 77  3
 26 53 58 61 64 65 76 78  1
 26 53 58 61 64 65 76 77  1
 26 53 58 61 64 65 74 75 78  1
 26 53 58 61 64 65 74 75 76 77  1
 26 53 58 59 60 64 65 76 78  1
 26 53 58 59 60 64 65 76 77  1
 26 53 58 59 60 64 65 74 75 78  1
 26 53 58 59 60 64 65 74 75 76 77  1
 26 51 58 61 64 65 76  3
 26 51 58 61 64 65 74 75  3
 26 51 58 59 60 64 65 76  3
 26 51 58 59 60 64 65 74 75  3
 26 51 53 58 61 64 65 76  1
 26 51 53 58 61 64 65 74 75  1
 26 51 53 58 59 60 64 65 76  1
 26 51 53 58 59 60 64 65 74 75  1
 26 51 52 58 61 64 65 76  1
 26 51 52 58 61 64 65 76 78  1
 26 51 52 58 61 64 65 76 77  1
 26 51 52 58 61 64 65 74 75  1
 26 51 52 58 61 64 65 74 75 78  1
 26 51 52 58 61 64 65 74 75 76 77  1
 26 51 52 58 59 60 64 65 76  1
 26 51 52 58 59 60 64 65 76 78  1
 26 51 52 58 59 60 64 65 76 77  1
 26 51 52 58 59 60 64 65 74 75  1
 26 51 52 58 59 60 64 65 74 75 78  1
 26 51 52 58 59 60 64 65 74 75 76 77  1
 26 49 58 61 64 65 78  3
 26 49 58 61 64 65 76 77  3
 26 49 58 59 60 64 65 78  3
 26 49 58 59 60 64 65 76 77  3
 26 49 53 58 61 64 65 78  1
 26 49 53 58 61 64 65 76 77  1
 26 49 53 58 59 60 64 65 78  1
 26 49 53 58 59 60 64 65 76 77  1
 26 49 51 58 61 64 65  3
 26 49 51 58 59 60 64 65  3
 26 49 51 53 58 61 64 65  1
 26 49 51 53 58 59 60 64 65  1
 26 49 51 52 58 61 64 65  1
 26 49 51 52 58 61 64 65 78  1
 26 49 51 52 58 61 64 65 76 77  1
 26 49 51 52 58 59 60 64 65  1
 26 49 51 52 58 59 60 64 65 78  1
 26 49 51 52 58 59 60 64 65 76 77  1
 26 34 58 64 65 76 78  3
 26 34 58 64 65 76 77  3
 26 34 58 64 65 74 75 78  3
 26 34 58 64 65 74 75 76 77  3
 26 34 53 58 64 65 76 78  1
 26 34 53 58 64 65 76 77  1
 26 34 53 58 64 65 74 75 78  1
 26 34 53 58 64 65 74 75 76 77  1
 26 34 51 58 64 65 76  3
 26 34 51 58 64 65 74 75  3
 26 34 51 53 58 64 65 76  1
 26 34 51 53 58 64 65 74 75  1
 26 34 51 52 58 64 65 76  1
 26 34 51 52 58 64 65 76 78  1
 26 34 51 52 58 64 65 76 77  1
 26 34 51 52 58 64 65 74 75  1
 26 34 51 52 58 64 65 74 75 78  1
 26 34 51 52 58 64 65 74 75 76 77  1
 26 34 49 58 64 65 78  3
 26 34 49 58 64 65 76 77  3
 26 34 49 53 58 64 65 78  1
 26 34 49 53 58 64 65 76 77  1
 26 34 49 51 58 64 65  3
 26 34 49 51 53 58 64 65  1
 26 34 49 51 52 58 64 65  1
 26 34 49 51 52 58 64 65 78  1
 26 34 49 51 52 58 64 65 76 77  1
 22 26 53 58 61 65 76 78  1
 22 26 53 58 61 65 76 77  1
 22 26 53 58 61 65 74 75 78  1
 22 26 53 58 61 65 74 75 76 77  1
 22 26 53 58 59 60 65 76 78  1
 22 26 53 58 59 60 65 76 77  1
 22 26 53 58 59 60 65 74 75 78  1
 22 26 53 58 59 60 65 74 75 76 77  1
 22 26 51 53 58 61 65 76  1
 22 26 51 53 58 61 65 74 75  1
 22 26 51 53 58 59 60 65 76  1
 22 26 51 53 58 59 60 65 74 75  1
 22 26 51 52 58 61 65 76  1
 22 26 51 52 58 61 65 76 78  1
 22 26 51 52 58 61 65 76 77  1
 22 26 51 52 58 61 65 74 75  1
 22 26 51 52 58 61 65 74 75 78  1
 22 26 51 52 58 61 65 74 75 76 77  1
 22 26 51 52 58 59 60 65 76  1
 22 26 51 52 58 59 60 65 76 78  1
 22 26 51 52 58 59 60 65 76 77  1
 22 26 51 52 58 59 60 65 74 75  1
 22 26 51 52 58 59 60 65 74 75 78  1
 22 26 51 52 58 59 60 65 74 75 76 77  1
 22 26 49 53 58 61 65 78  1
 22 26 49 53 58 61 65 76 77  1
 22 26 49 53 58 59 60 65 78  1
 22 26 49 53 58 59 60 65 76 77  1
 22 26 49 51 53 58 61 65  1
 22 26 49 51 53 58 59 60 65  1
 22 26 49 51 52 58 61 65  1
 22 26 49 51 52 58 61 65 78  1
 22 26 49 51 52 58 61 65 76 77  1
 22 26 49 51 52 58 59 60 65  1
 22 26 49 51 52 58 59 60 65 78  1
 22 26 49 51 52 58 59 60 65 76 77  1
 22 26 34 53 58 65 76 78  1
 22 26 34 53 58 65 76 77  1
 22 26 34 53 58 65 74 75 78  1
 22 26 34 53 58 65 74 75 76 77  1
 22 26 34 51 53 58 65 76  1
 22 26 34 51 53 58 65 74 75  1
 22 26 34 51 52 58 65 76  1
 22 26 34 51 52 58 65 76 78  1
 22 26 34 51 52 58 65 76 77  1
 22 26 34 51 52 58 65 74 75  1
 22 26 34 51 52 58 65 74 75 78  1
 22 26 34 51 52 58 65 74 75 76 77  1
 22 26 34 49 53 58 65 78  1
 22 26 34 49 53 58 65 76 77  1
 22 26 34 49 51 53 58 65  1
 22 26 34 49 51 52 58 65  1
 22 26 34 49 51 52 58 65 78  1
 22 26 34 49 51 52 58 65 76 77  1
 20 21 26 58 61 65 76 78  3
 20 21 26 58 61 65 76 77  3
 20 21 26 58 61 65 74 75 78  3
 20 21 26 58 61 65 74 75 76 77  3
 20 21 26 58 59 60 65 76 78  3
 20 21 26 58 59 60 65 76 77  3
 20 21 26 58 59 60 65 74 75 78  3
 20 21 26 58 59 60 65 74 75 76 77  3
 20 21 26 53 58 61 65 76 78  1
 20 21 26 53 58 61 65 76 77  1
 20 21 26 53 58 61 65 74 75 78  1
 20 21 26 53 58 61 65 74 75 76 77  1
 20 21 26 53 58 59 60 65 76 78  1
 20 21 26 53 58 59 60 65 76 77  1
 20 21 26 53 58 59 60 65 74 75 78  1
 20 21 26 53 58 59 60 65 74 75 76 77  1
 20 21 26 51 58 61 65 76  3
 20 21 26 51 58 61 65 74 75  3
 20 21 26 51 58 59 60 65 76  3
 20 21 26 51 58 59 60 65 74 75  3
 20 21 26 51 53 58 61 65 76  1
 20 21 26 51 53 58 61 65 74 75  1
 20 21 26 51 53 58 59 60 65 76  1
 20 21 26 51 53 58 59 60 65 74 75  1
 20 21 26 51 52 58 61 65 76  1
 20 21 26 51 52 58 61 65 76 78  1
 20 21 26 51 52 58 61 65 76 77  1
 20 21 26 51 52 58 61 65 74 75  1
 20 21 26 51 52 58 61 65 74 75 78  1
 20 21 26 51 52 58 61 65 74 75 76 77  1
 20 21 26 51 52 58 59 60 65 76  1
 20 21 26 51 52 58 59 60 65 76 78  1
 20 21 26 51 52 58 59 60 65 76 77  1
 20 21 26 51 52 58 59 60 65 74 75  1
 20 21 26 51 52 58 59 60 65 74 75 78  1
 20 21 26 51 52 58 59 60 65 74 75 76 77  1
 20 21 26 49 58 61 65 78  3
 20 21 26 49 58 61 65 76 77  3
 20 21 26 49 58 59 60 65 78  3
 20 21 26 49 58 59 60 65 76 77  3
 20 21 26 49 53 58 61 65 78  1
 20 21 26 49 53 58 61 65 76 77  1
 20 21 26 49 53 58 59 60 65 78  1
 20 21 26 49 53 58 59 60 65 76 77  1
 20 21 26 49 51 58 61 65  3
 20 21 26 49 51 58 59 60 65  3
 20 21 26 49 51 53 58 61 65  1
 20 21 26 49 51 53 58 59 60 65  1
 20 21 26 49 51 52 58 61 65  1
 20 21 26 49 51 52 58 61 65 78  1
 20 21 26 49 51 52 58 61 65 76 77  1
 20 21 26 49 51 52 58 59 60 65  1
 20 21 26 49 51 52 58 59 60 65 78  1
 20 21 26 49 51 52 58 59 60 65 76 77  1
 20 21 26 34 58 65 76 78  3
 20 21 26 34 58 65 76 77  3
 20 21 26 34 58 65 74 75 78  3
 20 21 26 34 58 65 74 75 76 77  3
 20 21 26 34 53 58 65 76 78  1
 20 21 26 34 53 58 65 76 77  1
 20 21 26 34 53 58 65 74 75 78  1
 20 21 26 34 53 58 65 74 75 76 77  1
 20 21 26 34 51 58 65 76  3
 20 21 26 34 51 58 65 74 75  3
 20 21 26 34 51 53 58 65 76  1
 20 21 26 34 51 53 58 65 74 75  1
 20 21 26 34 51 52 58 65 76  1
 20 21 26 34 51 52 58 65 76 78  1
 20 21 26 34 51 52 58 65 76 77  1
 20 21 26 34 51 52 58 65 74 75  1
 20 21 26 34 51 52 58 65 74 75 78  1
 20 21 26 34 51 52 58 65 74 75 76 77  1
 20 21 26 34 49 58 65 78  3
 20 21 26 34 49 58 65 76 77  3
 20 21 26 34 49 53 58 65 78  1
 20 21 26 34 49 53 58 65 76 77  1
 20 21 26 34 49 51 58 65  3
 20 21 26 34 49 51 53 58 65  1
 20 21 26 34 49 51 52 58 65  1
 20 21 26 34 49 51 52 58 65 78  1
 20 21 26 34 49 51 52 58 65 76 77  1
 53 58 61 64 65 68 76 78  1
 53 58 61 64 65 68 76 77  1
 53 58 61 64 65 68 74 75 78  1
 53 58 61 64 65 68 74 75 76 77  1
 53 58 59 60 64 65 68 76 78  1
 53 58 59 60 64 65 68 76 77  1
 53 58 59 60 64 65 68 74 75 78  1
 53 58 59 60 64 65 68 74 75 76 77  1
 51 53 58 61 64 65 68 76  1
 51 53 58 61 64 65 68 74 75  1
 51 53 58 59 60 64 65 68 76  1
 51 53 58 59 60 64 65 68 74 75  1
 51 52 58 61 64 65 68 76  1
 51 52 58 61 64 65 68 76 78  1
 51 52 58 61 64 65 68 76 77  1
 51 52 58 61 64 65 68 74 75  1
 51 52 58 61 64 65 68 74 75 78  1
 51 52 58 61 64 65 68 74 75 76 77  1
 51 52 58 59 60 64 65 68 76  1
 51 52 58 59 60 64 65 68 76 78  1
 51 52 58 59 60 64 65 68 76 77  1
 51 52 58 59 60 64 65 68 74 75  1
 51 52 58 59 60 64 65 68 74 75 78  1
 51 52 58 59 60 64 65 68 74 75 76 77  1
 49 53 58 61 64 65 68 78  1
 49 53 58 61 64 65 68 76 77  1
 49 53 58 59 60 64 65 68 78  1
 49 53 58 59 60 64 65 68 76 77  1
 49 51 53 58 61 64 65 68  1
 49 51 53 58 59 60 64 65 68  1
 49 51 52 58 61 64 65 68  1
 49 51 52 58 61 64 65 68 78  1
 49 51 52 58 61 64 65 68 76 77  1
 49 51 52 58 59 60 64 65 68  1
 49 51 52 58 59 60 64 65 68 78  1
 49 51 52 58 59 60 64 65 68 76 77  1
 34 53 58 64 65 68 76 78  1
 34 53 58 64 65 68 76 77  1
 34 53 58 64 65 68 74 75 78  1
 34 53 58 64 65 68 74 75 76 77  1
 34 51 53 58 64 65 68 76  1
 34 51 53 58 64 65 68 74 75  1
 34 51 52 58 64 65 68 76  1
 34 51 52 58 64 65 68 76 78  1
 34 51 52 58 64 65 68 76 77  1
 34 51 52 58 64 65 68 74 75  1
 34 51 52 58 64 65 68 74 75 78  1
 34 51 52 58 64 65 68 74 75 76 77  1
 34 49 53 58 64 65 68 78  1
 34 49 53 58 64 65 68 76 77  1
 34 49 51 53 58 64 65 68  1
 34 49 51 52 58 64 65 68  1
 34 49 51 52 58 64 65 68 78  1
 34 49 51 52 58 64 65 68 76 77  1
 26 58 61 64 65 68 76 78  1
 26 58 61 64 65 68 76 77  1
 26 58 61 64 65 68 74 75 78  1
 26 58 61 64 65 68 74 75 76 77  1
 26 58 59 60 64 65 68 76 78  1
 26 58 59 60 64 65 68 76 77  1
 26 58 59 60 64 65 68 74 75 78  1
 26 58 59 60 64 65 68 74 75 76 77  1
 26 51 58 61 64 65 68 76  1
 26 51 58 61 64 65 68 74 75  1
 26 51 58 59 60 64 65 68 76  1
 26 51 58 59 60 64 65 68 74 75  1
 26 49 58 61 64 65 68 78  1
 26 49 58 61 64 65 68 76 77  1
 26 49 58 59 60 64 65 68 78  1
 26 49 58 59 60 64 65 68 76 77  1
 26 49 51 58 61 64 65 68  1
 26 49 51 58 59 60 64 65 68  1
 26 34 58 64 65 68 76 78  1
 26 34 58 64 65 68 76 77  1
 26 34 58 64 65 68 74 75 78  1
 26 34 58 64 65 68 74 75 76 77  1
 26 34 51 58 64 65 68 76  1
 26 34 51 58 64 65 68 74 75  1
 26 34 49 58 64 65 68 78  1
 26 34 49 58 64 65 68 76 77  1
 26 34 49 51 58 64 65 68  1
 71  29
 69 70  29
 44  29
 50 57 66  1
 50 55 64  1
 50 55 56 66  1
 50 53 54 64  1
 48 49 57 66  1
 48 49 55 64  1
 48 49 55 56 66  1
 48 49 53 54 64  1
 30 50 66  1
 30 48 49 66  1
 28 50 64  1
 28 48 49 64  1
 24 50 57  1
 24 50 55 56  1
 24 48 49 57  1
 24 48 49 55 56  1
 24 30 50  1
 24 30 48 49  1
 23 57 66  1
 23 55 64  1
 23 55 56 66  1
 23 53 54 64  1
 23 30 66  1
 23 28 64  1
 23 24 57  1
 23 24 55 56  1
 23 24 30  1
 22 50 55  1
 22 50 53 54  1
 22 48 49 55  1
 22 48 49 53 54  1
 22 28 50  1
 22 28 48 49  1
 22 23 57  3
 22 23 55  1
 22 23 55 56  3
 22 23 53 54  1
 22 23 50 57  1
 22 23 50 55 56  1
 22 23 48 49 57  1
 22 23 48 49 55 56  1
 22 23 30  3
 22 23 30 50  1
 22 23 30 48 49  1
 22 23 28  1
 20 21 50 55  1
 20 21 50 53 54  1
 20 21 48 49 55  1
 20 21 48 49 53 54  1
 20 21 28 50  1
 20 21 28 48 49  1
 20 21 23 55  1
 20 21 23 53 54  1
 20 21 23 28  1
 24 25 53 58 61 64 65 76 78  1
 24 25 53 58 61 64 65 76 77  1
 24 25 53 58 61 64 65 74 75 78  1
 24 25 53 58 61 64 65 74 75 76 77  1
 24 25 53 58 59 60 64 65 76 78  1
 24 25 53 58 59 60 64 65 76 77  1
 24 25 53 58 59 60 64 65 74 75 78  1
 24 25 53 58 59 60 64 65 74 75 76 77  1
 24 25 51 53 58 61 64 65 76  1
 24 25 51 53 58 61 64 65 74 75  1
 24 25 51 53 58 59 60 64 65 76  1
 24 25 51 53 58 59 60 64 65 74 75  1
 24 25 51 52 58 61 64 65 76  1
 24 25 51 52 58 61 64 65 76 78  1
 24 25 51 52 58 61 64 65 76 77  1
 24 25 51 52 58 61 64 65 74 75  1
 24 25 51 52 58 61 64 65 74 75 78  1
 24 25 51 52 58 61 64 65 74 75 76 77  1
 24 25 51 52 58 59 60 64 65 76  1
 24 25 51 52 58 59 60 64 65 76 78  1
 24 25 51 52 58 59 60 64 65 76 77  1
 24 25 51 52 58 59 60 64 65 74 75  1
 24 25 51 52 58 59 60 64 65 74 75 78  1
 24 25 51 52 58 59 60 64 65 74 75 76 77  1
 24 25 49 53 58 61 64 65 78  1
 24 25 49 53 58 61 64 65 76 77  1
 24 25 49 53 58 59 60 64 65 78  1
 24 25 49 53 58 59 60 64 65 76 77  1
 24 25 49 51 53 58 61 64 65  1
 24 25 49 51 53 58 59 60 64 65  1
 24 25 49 51 52 58 61 64 65  1
 24 25 49 51 52 58 61 64 65 78  1
 24 25 49 51 52 58 61 64 65 76 77  1
 24 25 49 51 52 58 59 60 64 65  1
 24 25 49 51 52 58 59 60 64 65 78  1
 24 25 49 51 52 58 59 60 64 65 76 77  1
 24 25 34 53 58 64 65 76 78  1
 24 25 34 53 58 64 65 76 77  1
 24 25 34 53 58 64 65 74 75 78  1
 24 25 34 53 58 64 65 74 75 76 77  1
 24 25 34 51 53 58 64 65 76  1
 24 25 34 51 53 58 64 65 74 75  1
 24 25 34 51 52 58 64 65 76  1
 24 25 34 51 52 58 64 65 76 78  1
 24 25 34 51 52 58 64 65 76 77  1
 24 25 34 51 52 58 64 65 74 75  1
 24 25 34 51 52 58 64 65 74 75 78  1
 24 25 34 51 52 58 64 65 74 75 76 77  1
 24 25 34 49 53 58 64 65 78  1
 24 25 34 49 53 58 64 65 76 77  1
 24 25 34 49 51 53 58 64 65  1
 24 25 34 49 51 52 58 64 65  1
 24 25 34 49 51 52 58 64 65 78  1
 24 25 34 49 51 52 58 64 65 76 77  1
 24 25 26 58 61 64 65 76 78  1
 24 25 26 58 61 64 65 76 77  1
 24 25 26 58 61 64 65 74 75 78  1
 24 25 26 58 61 64 65 74 75 76 77  1
 24 25 26 58 59 60 64 65 76 78  1
 24 25 26 58 59 60 64 65 76 77  1
 24 25 26 58 59 60 64 65 74 75 78  1
 24 25 26 58 59 60 64 65 74 75 76 77  1
 24 25 26 51 58 61 64 65 76  1
 24 25 26 51 58 61 64 65 74 75  1
 24 25 26 51 58 59 60 64 65 76  1
 24 25 26 51 58 59 60 64 65 74 75  1
 24 25 26 49 58 61 64 65 78  1
 24 25 26 49 58 61 64 65 76 77  1
 24 25 26 49 58 59 60 64 65 78  1
 24 25 26 49 58 59 60 64 65 76 77  1
 24 25 26 49 51 58 61 64 65  1
 24 25 26 49 51 58 59 60 64 65  1
 24 25 26 34 58 64 65 76 78  1
 24 25 26 34 58 64 65 76 77  1
 24 25 26 34 58 64 65 74 75 78  1
 24 25 26 34 58 64 65 74 75 76 77  1
 24 25 26 34 51 58 64 65 76  1
 24 25 26 34 51 58 64 65 74 75  1
 24 25 26 34 49 58 64 65 78  1
 24 25 26 34 49 58 64 65 76 77  1
 24 25 26 34 49 51 58 64 65  1
 22 24 25 53 58 61 65 76 78  1
 22 24 25 53 58 61 65 76 77  1
 22 24 25 53 58 61 65 74 75 78  1
 22 24 25 53 58 61 65 74 75 76 77  1
 22 24 25 53 58 59 60 65 76 78  1
 22 24 25 53 58 59 60 65 76 77  1
 22 24 25 53 58 59 60 65 74 75 78  1
 22 24 25 53 58 59 60 65 74 75 76 77  1
 22 24 25 51 53 58 61 65 76  1
 22 24 25 51 53 58 61 65 74 75  1
 22 24 25 51 53 58 59 60 65 76  1
 22 24 25 51 53 58 59 60 65 74 75  1
 22 24 25 51 52 58 61 65 76  1
 22 24 25 51 52 58 61 65 76 78  1
 22 24 25 51 52 58 61 65 76 77  1
 22 24 25 51 52 58 61 65 74 75  1
 22 24 25 51 52 58 61 65 74 75 78  1
 22 24 25 51 52 58 61 65 74 75 76 77  1
 22 24 25 51 52 58 59 60 65 76  1
 22 24 25 51 52 58 59 60 65 76 78  1
 22 24 25 51 52 58 59 60 65 76 77  1
 22 24 25 51 52 58 59 60 65 74 75  1
 22 24 25 51 52 58 59 60 65 74 75 78  1
 22 24 25 51 52 58 59 60 65 74 75 76 77  1
 22 24 25 49 53 58 61 65 78  1
 22 24 25 49 53 58 61 65 76 77  1
 22 24 25 49 53 58 59 60 65 78  1
 22 24 25 49 53 58 59 60 65 76 77  1
 22 24 25 49 51 53 58 61 65  1
 22 24 25 49 51 53 58 59 60 65  1
 22 24 25 49 51 52 58 61 65  1
 22 24 25 49 51 52 58 61 65 78  1
 22 24 25 49 51 52 58 61 65 76 77  1
 22 24 25 49 51 52 58 59 60 65  1
 22 24 25 49 51 52 58 59 60 65 78  1
 22 24 25 49 51 52 58 59 60 65 76 77  1
 22 24 25 34 53 58 65 76 78  1
 22 24 25 34 53 58 65 76 77  1
 22 24 25 34 53 58 65 74 75 78  1
 22 24 25 34 53 58 65 74 75 76 77  1
 22 24 25 34 51 53 58 65 76  1
 22 24 25 34 51 53 58 65 74 75  1
 22 24 25 34 51 52 58 65 76  1
 22 24 25 34 51 52 58 65 76 78  1
 22 24 25 34 51 52 58 65 76 77  1
 22 24 25 34 51 52 58 65 74 75  1
 22 24 25 34 51 52 58 65 74 75 78  1
 22 24 25 34 51 52 58 65 74 75 76 77  1
 22 24 25 34 49 53 58 65 78  1
 22 24 25 34 49 53 58 65 76 77  1
 22 24 25 34 49 51 53 58 65  1
 22 24 25 34 49 51 52 58 65  1
 22 24 25 34 49 51 52 58 65 78  1
 22 24 25 34 49 51 52 58 65 76 77  1
 22 24 25 26 58 61 65 76 78  1
 22 24 25 26 58 61 65 76 77  1
 22 24 25 26 58 61 65 74 75 78  1
 22 24 25 26 58 61 65 74 75 76 77  1
 22 24 25 26 58 59 60 65 76 78  1
 22 24 25 26 58 59 60 65 76 77  1
 22 24 25 26 58 59 60 65 74 75 78  1
 22 24 25 26 58 59 60 65 74 75 76 77  1
 22 24 25 26 51 58 61 65 76  1
 22 24 25 26 51 58 61 65 74 75  1
 22 24 25 26 51 58 59 60 65 76  1
 22 24 25 26 51 58 59 60 65 74 75  1
 22 24 25 26 49 58 61 65 78  1
 22 24 25 26 49 58 61 65 76 77  1
 22 24 25 26 49 58 59 60 65 78  1
 22 24 25 26 49 58 59 60 65 76 77  1
 22 24 25 26 49 51 58 61 65  1
 22 24 25 26 49 51 58 59 60 65  1
 22 24 25 26 34 58 65 76 78  1
 22 24 25 26 34 58 65 76 77  1
 22 24 25 26 34 58 65 74 75 78  1
 22 24 25 26 34 58 65 74 75 76 77  1
 22 24 25 26 34 51 58 65 76  1
 22 24 25 26 34 51 58 65 74 75  1
 22 24 25 26 34 49 58 65 78  1
 22 24 25 26 34 49 58 65 76 77  1
 22 24 25 26 34 49 51 58 65  1
 20 21 24 25 53 58 61 65 76 78  1
 20 21 24 25 53 58 61 65 76 77  1
 20 21 24 25 53 58 61 65 74 75 78  1
 20 21 24 25 53 58 61 65 74 75 76 77  1
 20 21 24 25 53 58 59 60 65 76 78  1
 20 21 24 25 53 58 59 60 65 76 77  1
 20 21 24 25 53 58 59 60 65 74 75 78  1
 20 21 24 25 53 58 59 60 65 74 75 76 77  1
 20 21 24 25 51 53 58 61 65 76  1
 20 21 24 25 51 53 58 61 65 74 75  1
 20 21 24 25 51 53 58 59 60 65 76  1
 20 21 24 25 51 53 58 59 60 65 74 75  1
 20 21 24 25 51 52 58 61 65 76  1
 20 21 24 25 51 52 58 61 65 76 78  1
 20 21 24 25 51 52 58 61 65 76 77  1
 20 21 24 25 51 52 58 61 65 74 75  1
 20 21 24 25 51 52 58 61 65 74 75 78  1
 20 21 24 25 51 52 58 61 65 74 75 76 77  1
 20 21 24 25 51 52 58 59 60 65 76  1
 20 21 24 25 51 52 58 59 60 65 76 78  1
 20 21 24 25 51 52 58 59 60 65 76 77  1
 20 21 24 25 51 52 58 59 60 65 74 75  1
 20 21 24 25 51 52 58 59 60 65 74 75 78  1
 20 21 24 25 51 52 58 59 60 65 74 75 76 77  1
 20 21 24 25 49 53 58 61 65 78  1
 20 21 24 25 49 53 58 61 65 76 77  1
 20 21 24 25 49 53 58 59 60 65 78  1
 20 21 24 25 49 53 58 59 60 65 76 77  1
 20 21 24 25 49 51 53 58 61 65  1
 20 21 24 25 49 51 53 58 59 60 65  1
 20 21 24 25 49 51 52 58 61 65  1
 20 21 24 25 49 51 52 58 61 65 78  1
 20 21 24 25 49 51 52 58 61 65 76 77  1
 20 21 24 25 49 51 52 58 59 60 65  1
 20 21 24 25 49 51 52 58 59 60 65 78  1
 20 21 24 25 49 51 52 58 59 60 65 76 77  1
 20 21 24 25 34 53 58 65 76 78  1
 20 21 24 25 34 53 58 65 76 77  1
 20 21 24 25 34 53 58 65 74 75 78  1
 20 21 24 25 34 53 58 65 74 75 76 77  1
 20 21 24 25 34 51 53 58 65 76  1
 20 21 24 25 34 51 53 58 65 74 75  1
 20 21 24 25 34 51 52 58 65 76  1
 20 21 24 25 34 51 52 58 65 76 78  1
 20 21 24 25 34 51 52 58 65 76 77  1
 20 21 24 25 34 51 52 58 65 74 75  1
 20 21 24 25 34 51 52 58 65 74 75 78  1
 20 21 24 25 34 51 52 58 65 74 75 76 77  1
 20 21 24 25 34 49 53 58 65 78  1
 20 21 24 25 34 49 53 58 65 76 77  1
 20 21 24 25 34 49 51 53 58 65  1
 20 21 24 25 34 49 51 52 58 65  1
 20 21 24 25 34 49 51 52 58 65 78  1
 20 21 24 25 34 49 51 52 58 65 76 77  1
 20 21 24 25 26 58 61 65 76 78  1
 20 21 24 25 26 58 61 65 76 77  1
 20 21 24 25 26 58 61 65 74 75 78  1
 20 21 24 25 26 58 61 65 74 75 76 77  1
 20 21 24 25 26 58 59 60 65 76 78  1
 20 21 24 25 26 58 59 60 65 76 77  1
 20 21 24 25 26 58 59 60 65 74 75 78  1
 20 21 24 25 26 58 59 60 65 74 75 76 77  1
 20 21 24 25 26 51 58 61 65 76  1
 20 21 24 25 26 51 58 61 65 74 75  1
 20 21 24 25 26 51 58 59 60 65 76  1
 20 21 24 25 26 51 58 59 60 65 74 75  1
 20 21 24 25 26 49 58 61 65 78  1
 20 21 24 25 26 49 58 61 65 76 77  1
 20 21 24 25 26 49 58 59 60 65 78  1
 20 21 24 25 26 49 58 59 60 65 76 77  1
 20 21 24 25 26 49 51 58 61 65  1
 20 21 24 25 26 49 51 58 59 60 65  1
 20 21 24 25 26 34 58 65 76 78  1
 20 21 24 25 26 34 58 65 76 77  1
 20 21 24 25 26 34 58 65 74 75 78  1
 20 21 24 25 26 34 58 65 74 75 76 77  1
 20 21 24 25 26 34 51 58 65 76  1
 20 21 24 25 26 34 51 58 65 74 75  1
 20 21 24 25 26 34 49 58 65 78  1
 20 21 24 25 26 34 49 58 65 76 77  1
 20 21 24 25 26 34 49 51 58 65  1
 36 58 68  1
 26 36 58  1
 24 25 36 58  1
 20 21 53 58 61 65 68 76 78  1
 20 21 53 58 61 65 68 76 77  1
 20 21 53 58 61 65 68 74 75 78  1
 20 21 53 58 61 65 68 74 75 76 77  1
 20 21 53 58 59 60 65 68 76 78  1
 20 21 53 58 59 60 65 68 76 77  1
 20 21 53 58 59 60 65 68 74 75 78  1
 20 21 53 58 59 60 65 68 74 75 76 77  1
 20 21 51 53 58 61 65 68 76  1
 20 21 51 53 58 61 65 68 74 75  1
 20 21 51 53 58 59 60 65 68 76  1
 20 21 51 53 58 59 60 65 68 74 75  1
 20 21 51 52 58 61 65 68 76  1
 20 21 51 52 58 61 65 68 76 78  1
 20 21 51 52 58 61 65 68 76 77  1
 20 21 51 52 58 61 65 68 74 75  1
 20 21 51 52 58 61 65 68 74 75 78  1
 20 21 51 52 58 61 65 68 74 75 76 77  1
 20 21 51 52 58 59 60 65 68 76  1
 20 21 51 52 58 59 60 65 68 76 78  1
 20 21 51 52 58 59 60 65 68 76 77  1
 20 21 51 52 58 59 60 65 68 74 75  1
 20 21 51 52 58 59 60 65 68 74 75 78  1
 20 21 51 52 58 59 60 65 68 74 75 76 77  1
 20 21 49 53 58 61 65 68 78  1
 20 21 49 53 58 61 65 68 76 77  1
 20 21 49 53 58 59 60 65 68 78  1
 20 21 49 53 58 59 60 65 68 76 77  1
 20 21 49 51 53 58 61 65 68  1
 20 21 49 51 53 58 59 60 65 68  1
 20 21 49 51 52 58 61 65 68  1
 20 21 49 51 52 58 61 65 68 78  1
 20 21 49 51 52 58 61 65 68 76 77  1
 20 21 49 51 52 58 59 60 65 68  1
 20 21 49 51 52 58 59 60 65 68 78  1
 20 21 49 51 52 58 59 60 65 68 76 77  1
 20 21 34 53 58 65 68 76 78  1
 20 21 34 53 58 65 68 76 77  1
 20 21 34 53 58 65 68 74 75 78  1
 20 21 34 53 58 65 68 74 75 76 77  1
 20 21 34 51 53 58 65 68 76  1
 20 21 34 51 53 58 65 68 74 75  1
 20 21 34 51 52 58 65 68 76  1
 20 21 34 51 52 58 65 68 76 78  1
 20 21 34 51 52 58 65 68 76 77  1
 20 21 34 51 52 58 65 68 74 75  1
 20 21 34 51 52 58 65 68 74 75 78  1
 20 21 34 51 52 58 65 68 74 75 76 77  1
 20 21 34 49 53 58 65 68 78  1
 20 21 34 49 53 58 65 68 76 77  1
 20 21 34 49 51 53 58 65 68  1
 20 21 34 49 51 52 58 65 68  1
 20 21 34 49 51 52 58 65 68 78  1
 20 21 34 49 51 52 58 65 68 76 77  1
 20 21 26 58 61 65 68 76 78  1
 20 21 26 58 61 65 68 76 77  1
 20 21 26 58 61 65 68 74 75 78  1
 20 21 26 58 61 65 68 74 75 76 77  1
 20 21 26 58 59 60 65 68 76 78  1
 20 21 26 58 59 60 65 68 76 77  1
 20 21 26 58 59 60 65 68 74 75 78  1
 20 21 26 58 59 60 65 68 74 75 76 77  1
 20 21 26 51 58 61 65 68 76  1
 20 21 26 51 58 61 65 68 74 75  1
 20 21 26 51 58 59 60 65 68 76  1
 20 21 26 51 58 59 60 65 68 74 75  1
 20 21 26 49 58 61 65 68 78  1
 20 21 26 49 58 61 65 68 76 77  1
 20 21 26 49 58 59 60 65 68 78  1
 20 21 26 49 58 59 60 65 68 76 77  1
 20 21 26 49 51 58 61 65 68  1
 20 21 26 49 51 58 59 60 65 68  1
 20 21 26 34 58 65 68 76 78  1
 20 21 26 34 58 65 68 76 77  1
 20 21 26 34 58 65 68 74 75 78  1
 20 21 26 34 58 65 68 74 75 76 77  1
 20 21 26 34 51 58 65 68 76  1
 20 21 26 34 51 58 65 68 74 75  1
 20 21 26 34 49 58 65 68 78  1
 20 21 26 34 49 58 65 68 76 77  1
 20 21 26 34 49 51 58 65 68  1
