 39 54 57 58 59  3
 39 54 57 58 59 69  3
 39 54 57 58 59 67 68  3
 39 54 57 58 59 66  3
 39 54 57 58 59 66 69  3
 39 54 57 58 59 66 67 68  3
 39 42 54 57 58 59  3
 39 42 54 57 58 59 66  3
 37 38 54 57 58 59  3
 37 38 54 57 58 59 69  3
 37 38 54 57 58 59 67 68  3
 37 38 54 57 58 59 66  3
 37 38 54 57 58 59 66 69  3
 37 38 54 57 58 59 66 67 68  3
 37 38 42 54 57 58 59  3
 37 38 42 54 57 58 59 66  3
 24 39 54 57 58 59  3
 24 39 54 57 58 59 69  3
 24 39 54 57 58 59 67 68  3
 24 39 42 54 57 58 59  3
 24 37 38 54 57 58 59  3
 24 37 38 54 57 58 59 69  3
 24 37 38 54 57 58 59 67 68  3
 24 37 38 42 54 57 58 59  3
 22 23 39 54 57 58 59  3
 22 23 39 54 57 58 59 69  3
 22 23 39 54 57 58 59 67 68  3
 22 23 39 42 54 57 58 59  3
 22 23 37 38 54 57 58 59  3
 22 23 37 38 54 57 58 59 69  3
 22 23 37 38 54 57 58 59 67 68  3
 22 23 37 38 42 54 57 58 59  3
 12 54 57 58 59  3
 12 54 57 58 59 69  3
 12 54 57 58 59 67 68  3
 12 54 57 58 59 66  3
 12 54 57 58 59 66 69  3
 12 54 57 58 59 66 67 68  3
 12 42 54 57 58 59  3
 12 42 54 57 58 59 66  3
 12 24 54 57 58 59  3
 12 24 54 57 58 59 69  3
 12 24 54 57 58 59 67 68  3
 12 24 42 54 57 58 59  3
 12 22 23 54 57 58 59  3
 12 22 23 54 57 58 59 69  3
 12 22 23 54 57 58 59 67 68  3
 12 22 23 42 54 57 58 59  3
  221
 12 56  9
 39 54 59  1
 39 54 59 69  1
 39 54 59 67 68  1
 39 54 59 66  1
 39 54 59 66 69  1
 39 54 59 66 67 68  1
 39 42 54 59  1
 39 42 54 59 66  1
 37 38 54 59  1
 37 38 54 59 69  1
 37 38 54 59 67 68  1
 37 38 54 59 66  1
 37 38 54 59 66 69  1
 37 38 54 59 66 67 68  1
 37 38 42 54 59  1
 37 38 42 54 59 66  1
 32 39 54 59  1
 32 39 54 59 69  1
 32 39 54 59 67 68  1
 32 39 54 59 66  1
 32 39 54 59 66 69  1
 32 39 54 59 66 67 68  1
 32 39 42 54 59  1
 32 39 42 54 59 66  1
 32 37 38 54 59  1
 32 37 38 54 59 69  1
 32 37 38 54 59 67 68  1
 32 37 38 54 59 66  1
 32 37 38 54 59 66 69  1
 32 37 38 54 59 66 67 68  1
 32 37 38 42 54 59  1
 32 37 38 42 54 59 66  1
 24 39 54 59  1
 24 39 54 59 69  1
 24 39 54 59 67 68  1
 24 39 42 54 59  1
 24 37 38 54 59  1
 24 37 38 54 59 69  1
 24 37 38 54 59 67 68  1
 24 37 38 42 54 59  1
 24 32 39 54 59  1
 24 32 39 54 59 69  1
 24 32 39 54 59 67 68  1
 24 32 39 42 54 59  1
 24 32 37 38 54 59  1
 24 32 37 38 54 59 69  1
 24 32 37 38 54 59 67 68  1
 24 32 37 38 42 54 59  1
 22 23 39 54 59  1
 22 23 39 54 59 69  1
 22 23 39 54 59 67 68  1
 22 23 39 42 54 59  1
 22 23 37 38 54 59  1
 22 23 37 38 54 59 69  1
 22 23 37 38 54 59 67 68  1
 22 23 37 38 42 54 59  1
 22 23 32 39 54 59  1
 22 23 32 39 54 59 69  1
 22 23 32 39 54 59 67 68  1
 22 23 32 39 42 54 59  1
 22 23 32 37 38 54 59  1
 22 23 32 37 38 54 59 69  1
 22 23 32 37 38 54 59 67 68  1
 22 23 32 37 38 42 54 59  1
 12 54 59  1
 12 54 59 69  1
 12 54 59 67 68  1
 12 54 59 66  1
 12 54 59 66 69  1
 12 54 59 66 67 68  1
 12 42 54 59  1
 12 42 54 59 66  1
 12 32 54 59  1
 12 32 54 59 69  1
 12 32 54 59 67 68  1
 12 32 54 59 66  1
 12 32 54 59 66 69  1
 12 32 54 59 66 67 68  1
 12 32 42 54 59  1
 12 32 42 54 59 66  1
 12 24 54 59  1
 12 24 54 59 69  1
 12 24 54 59 67 68  1
 12 24 42 54 59  1
 12 24 32 54 59  1
 12 24 32 54 59 69  1
 12 24 32 54 59 67 68  1
 12 24 32 42 54 59  1
 12 22 23 54 59  1
 12 22 23 54 59 69  1
 12 22 23 54 59 67 68  1
 12 22 23 42 54 59  1
 12 22 23 32 54 59  1
 12 22 23 32 54 59 69  1
 12 22 23 32 54 59 67 68  1
 12 22 23 32 42 54 59  1
 73  11
 71 72  11
 48  11
 46  103
 46 76  37
 46 74 75  37
 46 58 76  41
 46 58 74 75  41
 46 56  1
 46 49  45
 46 49 58  41
 46 47  11
 44 45 58 76  41
 44 45 58 74 75  41
 44 45 56  1
 44 45 49 58  41
 41 46  5
 41 44 45  5
 21  11
 19 76  33
 19 74 75  33
 19 58 76  41
 19 58 74 75  41
 19 56  1
 19 49  41
 19 49 58  41
 19 41  5
 39 54 55 56 58 59 64  1
 39 54 55 56 58 59 64 69  1
 39 54 55 56 58 59 64 67 68  1
 39 54 55 56 57 58 59 64  1
 39 54 55 56 57 58 59 64 69  1
 39 54 55 56 57 58 59 64 67 68  1
 39 42 54 55 56 58 59 64  1
 39 42 54 55 56 57 58 59 64  1
 37 38 54 55 56 58 59 64  1
 37 38 54 55 56 58 59 64 69  1
 37 38 54 55 56 58 59 64 67 68  1
 37 38 54 55 56 57 58 59 64  1
 37 38 54 55 56 57 58 59 64 69  1
 37 38 54 55 56 57 58 59 64 67 68  1
 37 38 42 54 55 56 58 59 64  1
 37 38 42 54 55 56 57 58 59 64  1
 32 39 54 55 56 58 59 64  1
 32 39 54 55 56 58 59 64 69  1
 32 39 54 55 56 58 59 64 67 68  1
 32 39 42 54 55 56 58 59 64  1
 32 37 38 54 55 56 58 59 64  1
 32 37 38 54 55 56 58 59 64 69  1
 32 37 38 54 55 56 58 59 64 67 68  1
 32 37 38 42 54 55 56 58 59 64  1
 22 39 54 55 56 58 59  1
 22 39 54 55 56 58 59 69  1
 22 39 54 55 56 58 59 67 68  1
 22 39 54 55 56 57 58 59  1
 22 39 54 55 56 57 58 59 69  1
 22 39 54 55 56 57 58 59 67 68  1
 22 39 42 54 55 56 58 59  1
 22 39 42 54 55 56 57 58 59  1
 22 37 38 54 55 56 58 59  1
 22 37 38 54 55 56 58 59 69  1
 22 37 38 54 55 56 58 59 67 68  1
 22 37 38 54 55 56 57 58 59  1
 22 37 38 54 55 56 57 58 59 69  1
 22 37 38 54 55 56 57 58 59 67 68  1
 22 37 38 42 54 55 56 58 59  1
 22 37 38 42 54 55 56 57 58 59  1
 22 32 39 54 55 56 58 59  1
 22 32 39 54 55 56 58 59 69  1
 22 32 39 54 55 56 58 59 67 68  1
 22 32 39 42 54 55 56 58 59  1
 22 32 37 38 54 55 56 58 59  1
 22 32 37 38 54 55 56 58 59 69  1
 22 32 37 38 54 55 56 58 59 67 68  1
 22 32 37 38 42 54 55 56 58 59  1
 20 21 39 54 55 56 58 59  1
 20 21 39 54 55 56 58 59 69  1
 20 21 39 54 55 56 58 59 67 68  1
 20 21 39 54 55 56 57 58 59  1
 20 21 39 54 55 56 57 58 59 69  1
 20 21 39 54 55 56 57 58 59 67 68  1
 20 21 39 42 54 55 56 58 59  1
 20 21 39 42 54 55 56 57 58 59  1
 20 21 37 38 54 55 56 58 59  1
 20 21 37 38 54 55 56 58 59 69  1
 20 21 37 38 54 55 56 58 59 67 68  1
 20 21 37 38 54 55 56 57 58 59  1
 20 21 37 38 54 55 56 57 58 59 69  1
 20 21 37 38 54 55 56 57 58 59 67 68  1
 20 21 37 38 42 54 55 56 58 59  1
 20 21 37 38 42 54 55 56 57 58 59  1
 20 21 32 39 54 55 56 58 59  1
 20 21 32 39 54 55 56 58 59 69  1
 20 21 32 39 54 55 56 58 59 67 68  1
 20 21 32 39 42 54 55 56 58 59  1
 20 21 32 37 38 54 55 56 58 59  1
 20 21 32 37 38 54 55 56 58 59 69  1
 20 21 32 37 38 54 55 56 58 59 67 68  1
 20 21 32 37 38 42 54 55 56 58 59  1
 12 54 55 56 58 59 64  1
 12 54 55 56 58 59 64 69  1
 12 54 55 56 58 59 64 67 68  1
 12 54 55 56 57 58 59 64  1
 12 54 55 56 57 58 59 64 69  1
 12 54 55 56 57 58 59 64 67 68  1
 12 42 54 55 56 58 59 64  1
 12 42 54 55 56 57 58 59 64  1
 12 32 54 55 56 58 59 64  1
 12 32 54 55 56 58 59 64 69  1
 12 32 54 55 56 58 59 64 67 68  1
 12 32 42 54 55 56 58 59 64  1
 12 22 54 55 56 58 59  1
 12 22 54 55 56 58 59 69  1
 12 22 54 55 56 58 59 67 68  1
 12 22 54 55 56 57 58 59  1
 12 22 54 55 56 57 58 59 69  1
 12 22 54 55 56 57 58 59 67 68  1
 12 22 42 54 55 56 58 59  1
 12 22 42 54 55 56 57 58 59  1
 12 22 32 54 55 56 58 59  1
 12 22 32 54 55 56 58 59 69  1
 12 22 32 54 55 56 58 59 67 68  1
 12 22 32 42 54 55 56 58 59  1
 12 20 21 54 55 56 58 59  1
 12 20 21 54 55 56 58 59 69  1
 12 20 21 54 55 56 58 59 67 68  1
 12 20 21 54 55 56 57 58 59  1
 12 20 21 54 55 56 57 58 59 69  1
 12 20 21 54 55 56 57 58 59 67 68  1
 12 20 21 42 54 55 56 58 59  1
 12 20 21 42 54 55 56 57 58 59  1
 12 20 21 32 54 55 56 58 59  1
 12 20 21 32 54 55 56 58 59 69  1
 12 20 21 32 54 55 56 58 59 67 68  1
 12 20 21 32 42 54 55 56 58 59  1
 58  39
 57  19
 56 57  19
 48 59  1
 48 59 76  1
 48 59 74 75  1
 48 59 67  1
 48 59 65  1
 48 59 65 66  1
 48 49 59  1
 46 71 76  1
 46 71 74 75  1
 46 69 70 76  1
 46 69 70 74 75  1
 46 67  5
 46 65  7
 46 65 66  5
 46 58 65 76  13
 46 58 65 74 75  13
 46 49 71  1
 46 49 69 70  1
 46 49 58 65  13
 46 47 59  1
 46 47 59 76  1
 46 47 59 74 75  1
 46 47 59 67  1
 46 47 59 65  1
 46 47 59 65 66  1
 46 47 49 59  1
 44 46 76  1
 44 46 74 75  1
 44 46 49  1
 44 45 71 76  1
 44 45 71 74 75  1
 44 45 69 70 76  1
 44 45 69 70 74 75  1
 44 45 67  1
 44 45 65  3
 44 45 65 66  1
 44 45 58 65 76  13
 44 45 58 65 74 75  13
 44 45 49 71  1
 44 45 49 69 70  1
 44 45 49 58 65  13
 40 48 59  1
 40 46  5
 40 46 47 59  1
 40 44 45  1
 32 46  3
 32 44 45  3
 31  19
 30 46 56 76  3
 30 46 56 74 75  3
 30 46 49 56  3
 30 44 45 56 76  3
 30 44 45 56 74 75  3
 30 44 45 49 56  3
 21 59  1
 21 59 76  1
 21 59 74 75  1
 21 59 67  1
 21 59 65  1
 21 59 65 66  1
 21 49 59  1
 21 40 59  1
 19 71 76  1
 19 71 74 75  1
 19 69 70 76  1
 19 69 70 74 75  1
 19 67  1
 19 65  3
 19 65 66  1
 19 58 65 76  13
 19 58 65 74 75  13
 19 49 71  1
 19 49 69 70  1
 19 49 58 65  13
 19 44 76  1
 19 44 74 75  1
 19 44 49  1
 19 40  1
 19 32  3
 19 30 56 76  3
 19 30 56 74 75  3
 19 30 49 56  3
 13  5
 39 54 57 58 59 64  3
 39 54 57 58 59 64 69  3
 39 54 57 58 59 64 67 68  3
 39 42 54 57 58 59 64  3
 37 38 54 57 58 59 64  3
 37 38 54 57 58 59 64 69  3
 37 38 54 57 58 59 64 67 68  3
 37 38 42 54 57 58 59 64  3
 22 39 54 57 58 59  3
 22 39 54 57 58 59 69  3
 22 39 54 57 58 59 67 68  3
 22 39 42 54 57 58 59  3
 22 37 38 54 57 58 59  3
 22 37 38 54 57 58 59 69  3
 22 37 38 54 57 58 59 67 68  3
 22 37 38 42 54 57 58 59  3
 20 21 39 54 57 58 59  3
 20 21 39 54 57 58 59 69  3
 20 21 39 54 57 58 59 67 68  3
 20 21 39 42 54 57 58 59  3
 20 21 37 38 54 57 58 59  3
 20 21 37 38 54 57 58 59 69  3
 20 21 37 38 54 57 58 59 67 68  3
 20 21 37 38 42 54 57 58 59  3
 12 54 57 58 59 64  3
 12 54 57 58 59 64 69  3
 12 54 57 58 59 64 67 68  3
 12 42 54 57 58 59 64  3
 12 22 54 57 58 59  3
 12 22 54 57 58 59 69  3
 12 22 54 57 58 59 67 68  3
 12 22 42 54 57 58 59  3
 12 20 21 54 57 58 59  3
 12 20 21 54 57 58 59 69  3
 12 20 21 54 57 58 59 67 68  3
 12 20 21 42 54 57 58 59  3
 39 54 59 64  1
 39 54 59 64 71  1
 39 54 59 64 69  1
 39 54 59 64 69 71  1
 39 54 59 64 67 68  1
 39 54 59 64 67 68 71  1
 39 54 59 64 67 68 69 70  1
 39 54 57 58 59 64 71  1
 39 54 57 58 59 64 69 71  1
 39 54 57 58 59 64 67 68 71  1
 39 54 57 58 59 64 67 68 69 70  1
 39 44 54 59 64  1
 39 44 54 59 64 69  1
 39 44 54 59 64 67 68  1
 39 44 54 57 58 59 64  1
 39 44 54 57 58 59 64 69  1
 39 44 54 57 58 59 64 67 68  1
 39 42 54 59 64  1
 39 42 54 59 64 71  1
 39 42 54 59 64 69 70  1
 39 42 54 57 58 59 64 71  1
 39 42 54 57 58 59 64 69 70  1
 39 42 44 54 59 64  1
 39 42 44 54 57 58 59 64  1
 37 38 54 59 64  1
 37 38 54 59 64 71  1
 37 38 54 59 64 69  1
 37 38 54 59 64 69 71  1
 37 38 54 59 64 67 68  1
 37 38 54 59 64 67 68 71  1
 37 38 54 59 64 67 68 69 70  1
 37 38 54 57 58 59 64 71  1
 37 38 54 57 58 59 64 69 71  1
 37 38 54 57 58 59 64 67 68 71  1
 37 38 54 57 58 59 64 67 68 69 70  1
 37 38 44 54 59 64  1
 37 38 44 54 59 64 69  1
 37 38 44 54 59 64 67 68  1
 37 38 44 54 57 58 59 64  1
 37 38 44 54 57 58 59 64 69  1
 37 38 44 54 57 58 59 64 67 68  1
 37 38 42 54 59 64  1
 37 38 42 54 59 64 71  1
 37 38 42 54 59 64 69 70  1
 37 38 42 54 57 58 59 64 71  1
 37 38 42 54 57 58 59 64 69 70  1
 37 38 42 44 54 59 64  1
 37 38 42 44 54 57 58 59 64  1
 32 39 54 59 64  1
 32 39 54 59 64 71  1
 32 39 54 59 64 69  1
 32 39 54 59 64 69 71  1
 32 39 54 59 64 67 68  1
 32 39 54 59 64 67 68 71  1
 32 39 54 59 64 67 68 69 70  1
 32 39 44 54 59 64  1
 32 39 44 54 59 64 69  1
 32 39 44 54 59 64 67 68  1
 32 39 42 54 59 64  1
 32 39 42 54 59 64 71  1
 32 39 42 54 59 64 69 70  1
 32 39 42 44 54 59 64  1
 32 37 38 54 59 64  1
 32 37 38 54 59 64 71  1
 32 37 38 54 59 64 69  1
 32 37 38 54 59 64 69 71  1
 32 37 38 54 59 64 67 68  1
 32 37 38 54 59 64 67 68 71  1
 32 37 38 54 59 64 67 68 69 70  1
 32 37 38 44 54 59 64  1
 32 37 38 44 54 59 64 69  1
 32 37 38 44 54 59 64 67 68  1
 32 37 38 42 54 59 64  1
 32 37 38 42 54 59 64 71  1
 32 37 38 42 54 59 64 69 70  1
 32 37 38 42 44 54 59 64  1
 22 39 54 59  1
 22 39 54 59 71  1
 22 39 54 59 69  1
 22 39 54 59 69 71  1
 22 39 54 59 67 68  1
 22 39 54 59 67 68 71  1
 22 39 54 59 67 68 69 70  1
 22 39 54 57 58 59 71  1
 22 39 54 57 58 59 69 71  1
 22 39 54 57 58 59 67 68 71  1
 22 39 54 57 58 59 67 68 69 70  1
 22 39 44 54 59  1
 22 39 44 54 59 69  1
 22 39 44 54 59 67 68  1
 22 39 44 54 57 58 59  1
 22 39 44 54 57 58 59 69  1
 22 39 44 54 57 58 59 67 68  1
 22 39 42 54 59  1
 22 39 42 54 59 71  1
 22 39 42 54 59 69 70  1
 22 39 42 54 57 58 59 71  1
 22 39 42 54 57 58 59 69 70  1
 22 39 42 44 54 59  1
 22 39 42 44 54 57 58 59  1
 22 37 38 54 59  1
 22 37 38 54 59 71  1
 22 37 38 54 59 69  1
 22 37 38 54 59 69 71  1
 22 37 38 54 59 67 68  1
 22 37 38 54 59 67 68 71  1
 22 37 38 54 59 67 68 69 70  1
 22 37 38 54 57 58 59 71  1
 22 37 38 54 57 58 59 69 71  1
 22 37 38 54 57 58 59 67 68 71  1
 22 37 38 54 57 58 59 67 68 69 70  1
 22 37 38 44 54 59  1
 22 37 38 44 54 59 69  1
 22 37 38 44 54 59 67 68  1
 22 37 38 44 54 57 58 59  1
 22 37 38 44 54 57 58 59 69  1
 22 37 38 44 54 57 58 59 67 68  1
 22 37 38 42 54 59  1
 22 37 38 42 54 59 71  1
 22 37 38 42 54 59 69 70  1
 22 37 38 42 54 57 58 59 71  1
 22 37 38 42 54 57 58 59 69 70  1
 22 37 38 42 44 54 59  1
 22 37 38 42 44 54 57 58 59  1
 22 32 39 54 59  1
 22 32 39 54 59 71  1
 22 32 39 54 59 69  1
 22 32 39 54 59 69 71  1
 22 32 39 54 59 67 68  1
 22 32 39 54 59 67 68 71  1
 22 32 39 54 59 67 68 69 70  1
 22 32 39 44 54 59  1
 22 32 39 44 54 59 69  1
 22 32 39 44 54 59 67 68  1
 22 32 39 42 54 59  1
 22 32 39 42 54 59 71  1
 22 32 39 42 54 59 69 70  1
 22 32 39 42 44 54 59  1
 22 32 37 38 54 59  1
 22 32 37 38 54 59 71  1
 22 32 37 38 54 59 69  1
 22 32 37 38 54 59 69 71  1
 22 32 37 38 54 59 67 68  1
 22 32 37 38 54 59 67 68 71  1
 22 32 37 38 54 59 67 68 69 70  1
 22 32 37 38 44 54 59  1
 22 32 37 38 44 54 59 69  1
 22 32 37 38 44 54 59 67 68  1
 22 32 37 38 42 54 59  1
 22 32 37 38 42 54 59 71  1
 22 32 37 38 42 54 59 69 70  1
 22 32 37 38 42 44 54 59  1
 20 21 39 54 59  1
 20 21 39 54 59 71  1
 20 21 39 54 59 69  1
 20 21 39 54 59 69 71  1
 20 21 39 54 59 67 68  1
 20 21 39 54 59 67 68 71  1
 20 21 39 54 59 67 68 69 70  1
 20 21 39 54 57 58 59 71  1
 20 21 39 54 57 58 59 69 71  1
 20 21 39 54 57 58 59 67 68 71  1
 20 21 39 54 57 58 59 67 68 69 70  1
 20 21 39 44 54 59  1
 20 21 39 44 54 59 69  1
 20 21 39 44 54 59 67 68  1
 20 21 39 44 54 57 58 59  1
 20 21 39 44 54 57 58 59 69  1
 20 21 39 44 54 57 58 59 67 68  1
 20 21 39 42 54 59  1
 20 21 39 42 54 59 71  1
 20 21 39 42 54 59 69 70  1
 20 21 39 42 54 57 58 59 71  1
 20 21 39 42 54 57 58 59 69 70  1
 20 21 39 42 44 54 59  1
 20 21 39 42 44 54 57 58 59  1
 20 21 37 38 54 59  1
 20 21 37 38 54 59 71  1
 20 21 37 38 54 59 69  1
 20 21 37 38 54 59 69 71  1
 20 21 37 38 54 59 67 68  1
 20 21 37 38 54 59 67 68 71  1
 20 21 37 38 54 59 67 68 69 70  1
 20 21 37 38 54 57 58 59 71  1
 20 21 37 38 54 57 58 59 69 71  1
 20 21 37 38 54 57 58 59 67 68 71  1
 20 21 37 38 54 57 58 59 67 68 69 70  1
 20 21 37 38 44 54 59  1
 20 21 37 38 44 54 59 69  1
 20 21 37 38 44 54 59 67 68  1
 20 21 37 38 44 54 57 58 59  1
 20 21 37 38 44 54 57 58 59 69  1
 20 21 37 38 44 54 57 58 59 67 68  1
 20 21 37 38 42 54 59  1
 20 21 37 38 42 54 59 71  1
 20 21 37 38 42 54 59 69 70  1
 20 21 37 38 42 54 57 58 59 71  1
 20 21 37 38 42 54 57 58 59 69 70  1
 20 21 37 38 42 44 54 59  1
 20 21 37 38 42 44 54 57 58 59  1
 20 21 32 39 54 59  1
 20 21 32 39 54 59 71  1
 20 21 32 39 54 59 69  1
 20 21 32 39 54 59 69 71  1
 20 21 32 39 54 59 67 68  1
 20 21 32 39 54 59 67 68 71  1
 20 21 32 39 54 59 67 68 69 70  1
 20 21 32 39 44 54 59  1
 20 21 32 39 44 54 59 69  1
 20 21 32 39 44 54 59 67 68  1
 20 21 32 39 42 54 59  1
 20 21 32 39 42 54 59 71  1
 20 21 32 39 42 54 59 69 70  1
 20 21 32 39 42 44 54 59  1
 20 21 32 37 38 54 59  1
 20 21 32 37 38 54 59 71  1
 20 21 32 37 38 54 59 69  1
 20 21 32 37 38 54 59 69 71  1
 20 21 32 37 38 54 59 67 68  1
 20 21 32 37 38 54 59 67 68 71  1
 20 21 32 37 38 54 59 67 68 69 70  1
 20 21 32 37 38 44 54 59  1
 20 21 32 37 38 44 54 59 69  1
 20 21 32 37 38 44 54 59 67 68  1
 20 21 32 37 38 42 54 59  1
 20 21 32 37 38 42 54 59 71  1
 20 21 32 37 38 42 54 59 69 70  1
 20 21 32 37 38 42 44 54 59  1
 12 54 59 64  1
 12 54 59 64 71  1
 12 54 59 64 69  1
 12 54 59 64 69 71  1
 12 54 59 64 67 68  1
 12 54 59 64 67 68 71  1
 12 54 59 64 67 68 69 70  1
 12 54 57 58 59 64 71  1
 12 54 57 58 59 64 69 71  1
 12 54 57 58 59 64 67 68 71  1
 12 54 57 58 59 64 67 68 69 70  1
 12 44 54 59 64  1
 12 44 54 59 64 69  1
 12 44 54 59 64 67 68  1
 12 44 54 57 58 59 64  1
 12 44 54 57 58 59 64 69  1
 12 44 54 57 58 59 64 67 68  1
 12 42 54 59 64  1
 12 42 54 59 64 71  1
 12 42 54 59 64 69 70  1
 12 42 54 57 58 59 64 71  1
 12 42 54 57 58 59 64 69 70  1
 12 42 44 54 59 64  1
 12 42 44 54 57 58 59 64  1
 12 32 54 59 64  1
 12 32 54 59 64 71  1
 12 32 54 59 64 69  1
 12 32 54 59 64 69 71  1
 12 32 54 59 64 67 68  1
 12 32 54 59 64 67 68 71  1
 12 32 54 59 64 67 68 69 70  1
 12 32 44 54 59 64  1
 12 32 44 54 59 64 69  1
 12 32 44 54 59 64 67 68  1
 12 32 42 54 59 64  1
 12 32 42 54 59 64 71  1
 12 32 42 54 59 64 69 70  1
 12 32 42 44 54 59 64  1
 12 22 54 59  1
 12 22 54 59 71  1
 12 22 54 59 69  1
 12 22 54 59 69 71  1
 12 22 54 59 67 68  1
 12 22 54 59 67 68 71  1
 12 22 54 59 67 68 69 70  1
 12 22 54 57 58 59 71  1
 12 22 54 57 58 59 69 71  1
 12 22 54 57 58 59 67 68 71  1
 12 22 54 57 58 59 67 68 69 70  1
 12 22 44 54 59  1
 12 22 44 54 59 69  1
 12 22 44 54 59 67 68  1
 12 22 44 54 57 58 59  1
 12 22 44 54 57 58 59 69  1
 12 22 44 54 57 58 59 67 68  1
 12 22 42 54 59  1
 12 22 42 54 59 71  1
 12 22 42 54 59 69 70  1
 12 22 42 54 57 58 59 71  1
 12 22 42 54 57 58 59 69 70  1
 12 22 42 44 54 59  1
 12 22 42 44 54 57 58 59  1
 12 22 32 54 59  1
 12 22 32 54 59 71  1
 12 22 32 54 59 69  1
 12 22 32 54 59 69 71  1
 12 22 32 54 59 67 68  1
 12 22 32 54 59 67 68 71  1
 12 22 32 54 59 67 68 69 70  1
 12 22 32 44 54 59  1
 12 22 32 44 54 59 69  1
 12 22 32 44 54 59 67 68  1
 12 22 32 42 54 59  1
 12 22 32 42 54 59 71  1
 12 22 32 42 54 59 69 70  1
 12 22 32 42 44 54 59  1
 12 20 21 54 59  1
 12 20 21 54 59 71  1
 12 20 21 54 59 69  1
 12 20 21 54 59 69 71  1
 12 20 21 54 59 67 68  1
 12 20 21 54 59 67 68 71  1
 12 20 21 54 59 67 68 69 70  1
 12 20 21 54 57 58 59 71  1
 12 20 21 54 57 58 59 69 71  1
 12 20 21 54 57 58 59 67 68 71  1
 12 20 21 54 57 58 59 67 68 69 70  1
 12 20 21 44 54 59  1
 12 20 21 44 54 59 69  1
 12 20 21 44 54 59 67 68  1
 12 20 21 44 54 57 58 59  1
 12 20 21 44 54 57 58 59 69  1
 12 20 21 44 54 57 58 59 67 68  1
 12 20 21 42 54 59  1
 12 20 21 42 54 59 71  1
 12 20 21 42 54 59 69 70  1
 12 20 21 42 54 57 58 59 71  1
 12 20 21 42 54 57 58 59 69 70  1
 12 20 21 42 44 54 59  1
 12 20 21 42 44 54 57 58 59  1
 12 20 21 32 54 59  1
 12 20 21 32 54 59 71  1
 12 20 21 32 54 59 69  1
 12 20 21 32 54 59 69 71  1
 12 20 21 32 54 59 67 68  1
 12 20 21 32 54 59 67 68 71  1
 12 20 21 32 54 59 67 68 69 70  1
 12 20 21 32 44 54 59  1
 12 20 21 32 44 54 59 69  1
 12 20 21 32 44 54 59 67 68  1
 12 20 21 32 42 54 59  1
 12 20 21 32 42 54 59 71  1
 12 20 21 32 42 54 59 69 70  1
 12 20 21 32 42 44 54 59  1
 39 54 55 56 58 59  1
 39 54 55 56 58 59 69  1
 39 54 55 56 58 59 67 68  1
 39 54 55 56 58 59 66  1
 39 54 55 56 58 59 66 69  1
 39 54 55 56 58 59 66 67 68  1
 39 54 55 56 57 58 59  1
 39 54 55 56 57 58 59 69  1
 39 54 55 56 57 58 59 67 68  1
 39 54 55 56 57 58 59 66  1
 39 54 55 56 57 58 59 66 69  1
 39 54 55 56 57 58 59 66 67 68  1
 39 42 54 55 56 58 59  1
 39 42 54 55 56 58 59 66  1
 39 42 54 55 56 57 58 59  1
 39 42 54 55 56 57 58 59 66  1
 37 38 54 55 56 58 59  1
 37 38 54 55 56 58 59 69  1
 37 38 54 55 56 58 59 67 68  1
 37 38 54 55 56 58 59 66  1
 37 38 54 55 56 58 59 66 69  1
 37 38 54 55 56 58 59 66 67 68  1
 37 38 54 55 56 57 58 59  1
 37 38 54 55 56 57 58 59 69  1
 37 38 54 55 56 57 58 59 67 68  1
 37 38 54 55 56 57 58 59 66  1
 37 38 54 55 56 57 58 59 66 69  1
 37 38 54 55 56 57 58 59 66 67 68  1
 37 38 42 54 55 56 58 59  1
 37 38 42 54 55 56 58 59 66  1
 37 38 42 54 55 56 57 58 59  1
 37 38 42 54 55 56 57 58 59 66  1
 32 39 54 55 56 58 59  1
 32 39 54 55 56 58 59 69  1
 32 39 54 55 56 58 59 67 68  1
 32 39 54 55 56 58 59 66  1
 32 39 54 55 56 58 59 66 69  1
 32 39 54 55 56 58 59 66 67 68  1
 32 39 42 54 55 56 58 59  1
 32 39 42 54 55 56 58 59 66  1
 32 37 38 54 55 56 58 59  1
 32 37 38 54 55 56 58 59 69  1
 32 37 38 54 55 56 58 59 67 68  1
 32 37 38 54 55 56 58 59 66  1
 32 37 38 54 55 56 58 59 66 69  1
 32 37 38 54 55 56 58 59 66 67 68  1
 32 37 38 42 54 55 56 58 59  1
 32 37 38 42 54 55 56 58 59 66  1
 24 39 54 55 56 58 59  1
 24 39 54 55 56 58 59 69  1
 24 39 54 55 56 58 59 67 68  1
 24 39 54 55 56 57 58 59  1
 24 39 54 55 56 57 58 59 69  1
 24 39 54 55 56 57 58 59 67 68  1
 24 39 42 54 55 56 58 59  1
 24 39 42 54 55 56 57 58 59  1
 24 37 38 54 55 56 58 59  1
 24 37 38 54 55 56 58 59 69  1
 24 37 38 54 55 56 58 59 67 68  1
 24 37 38 54 55 56 57 58 59  1
 24 37 38 54 55 56 57 58 59 69  1
 24 37 38 54 55 56 57 58 59 67 68  1
 24 37 38 42 54 55 56 58 59  1
 24 37 38 42 54 55 56 57 58 59  1
 24 32 39 54 55 56 58 59  1
 24 32 39 54 55 56 58 59 69  1
 24 32 39 54 55 56 58 59 67 68  1
 24 32 39 42 54 55 56 58 59  1
 24 32 37 38 54 55 56 58 59  1
 24 32 37 38 54 55 56 58 59 69  1
 24 32 37 38 54 55 56 58 59 67 68  1
 24 32 37 38 42 54 55 56 58 59  1
 22 23 39 54 55 56 58 59  1
 22 23 39 54 55 56 58 59 69  1
 22 23 39 54 55 56 58 59 67 68  1
 22 23 39 54 55 56 57 58 59  1
 22 23 39 54 55 56 57 58 59 69  1
 22 23 39 54 55 56 57 58 59 67 68  1
 22 23 39 42 54 55 56 58 59  1
 22 23 39 42 54 55 56 57 58 59  1
 22 23 37 38 54 55 56 58 59  1
 22 23 37 38 54 55 56 58 59 69  1
 22 23 37 38 54 55 56 58 59 67 68  1
 22 23 37 38 54 55 56 57 58 59  1
 22 23 37 38 54 55 56 57 58 59 69  1
 22 23 37 38 54 55 56 57 58 59 67 68  1
 22 23 37 38 42 54 55 56 58 59  1
 22 23 37 38 42 54 55 56 57 58 59  1
 22 23 32 39 54 55 56 58 59  1
 22 23 32 39 54 55 56 58 59 69  1
 22 23 32 39 54 55 56 58 59 67 68  1
 22 23 32 39 42 54 55 56 58 59  1
 22 23 32 37 38 54 55 56 58 59  1
 22 23 32 37 38 54 55 56 58 59 69  1
 22 23 32 37 38 54 55 56 58 59 67 68  1
 22 23 32 37 38 42 54 55 56 58 59  1
 12 54 55 56 58 59  1
 12 54 55 56 58 59 69  1
 12 54 55 56 58 59 67 68  1
 12 54 55 56 58 59 66  1
 12 54 55 56 58 59 66 69  1
 12 54 55 56 58 59 66 67 68  1
 12 54 55 56 57 58 59  1
 12 54 55 56 57 58 59 69  1
 12 54 55 56 57 58 59 67 68  1
 12 54 55 56 57 58 59 66  1
 12 54 55 56 57 58 59 66 69  1
 12 54 55 56 57 58 59 66 67 68  1
 12 42 54 55 56 58 59  1
 12 42 54 55 56 58 59 66  1
 12 42 54 55 56 57 58 59  1
 12 42 54 55 56 57 58 59 66  1
 12 32 54 55 56 58 59  1
 12 32 54 55 56 58 59 69  1
 12 32 54 55 56 58 59 67 68  1
 12 32 54 55 56 58 59 66  1
 12 32 54 55 56 58 59 66 69  1
 12 32 54 55 56 58 59 66 67 68  1
 12 32 42 54 55 56 58 59  1
 12 32 42 54 55 56 58 59 66  1
 12 24 54 55 56 58 59  1
 12 24 54 55 56 58 59 69  1
 12 24 54 55 56 58 59 67 68  1
 12 24 54 55 56 57 58 59  1
 12 24 54 55 56 57 58 59 69  1
 12 24 54 55 56 57 58 59 67 68  1
 12 24 42 54 55 56 58 59  1
 12 24 42 54 55 56 57 58 59  1
 12 24 32 54 55 56 58 59  1
 12 24 32 54 55 56 58 59 69  1
 12 24 32 54 55 56 58 59 67 68  1
 12 24 32 42 54 55 56 58 59  1
 12 22 23 54 55 56 58 59  1
 12 22 23 54 55 56 58 59 69  1
 12 22 23 54 55 56 58 59 67 68  1
 12 22 23 54 55 56 57 58 59  1
 12 22 23 54 55 56 57 58 59 69  1
 12 22 23 54 55 56 57 58 59 67 68  1
 12 22 23 42 54 55 56 58 59  1
 12 22 23 42 54 55 56 57 58 59  1
 12 22 23 32 54 55 56 58 59  1
 12 22 23 32 54 55 56 58 59 69  1
 12 22 23 32 54 55 56 58 59 67 68  1
 12 22 23 32 42 54 55 56 58 59  1
 39 50 58 65  1
 39 48 49 58 65  1
 37 38 50 58 65  1
 37 38 48 49 58 65  1
 23 39 58 65  1
 23 37 38 58 65  1
 12 50 58 65  1
 12 48 49 58 65  1
 12 23 58 65  1
 39 54 59 71  1
 39 54 59 69 71  1
 39 54 59 67 68 71  1
 39 54 59 67 68 69 70  1
 39 54 59 66 71  1
 39 54 59 66 69 71  1
 39 54 59 66 67 68 71  1
 39 54 59 66 67 68 69 70  1
 39 54 57 58 59 71  1
 39 54 57 58 59 69 71  1
 39 54 57 58 59 67 68 71  1
 39 54 57 58 59 67 68 69 70  1
 39 54 57 58 59 66 71  1
 39 54 57 58 59 66 69 71  1
 39 54 57 58 59 66 67 68 71  1
 39 54 57 58 59 66 67 68 69 70  1
 39 44 54 59  1
 39 44 54 59 69  1
 39 44 54 59 67 68  1
 39 44 54 59 66  1
 39 44 54 59 66 69  1
 39 44 54 59 66 67 68  1
 39 44 54 57 58 59  1
 39 44 54 57 58 59 69  1
 39 44 54 57 58 59 67 68  1
 39 44 54 57 58 59 66  1
 39 44 54 57 58 59 66 69  1
 39 44 54 57 58 59 66 67 68  1
 39 42 54 59 71  1
 39 42 54 59 69 70  1
 39 42 54 59 66 71  1
 39 42 54 59 66 69 70  1
 39 42 54 57 58 59 71  1
 39 42 54 57 58 59 69 70  1
 39 42 54 57 58 59 66 71  1
 39 42 54 57 58 59 66 69 70  1
 39 42 44 54 59  1
 39 42 44 54 59 66  1
 39 42 44 54 57 58 59  1
 39 42 44 54 57 58 59 66  1
 37 38 54 59 71  1
 37 38 54 59 69 71  1
 37 38 54 59 67 68 71  1
 37 38 54 59 67 68 69 70  1
 37 38 54 59 66 71  1
 37 38 54 59 66 69 71  1
 37 38 54 59 66 67 68 71  1
 37 38 54 59 66 67 68 69 70  1
 37 38 54 57 58 59 71  1
 37 38 54 57 58 59 69 71  1
 37 38 54 57 58 59 67 68 71  1
 37 38 54 57 58 59 67 68 69 70  1
 37 38 54 57 58 59 66 71  1
 37 38 54 57 58 59 66 69 71  1
 37 38 54 57 58 59 66 67 68 71  1
 37 38 54 57 58 59 66 67 68 69 70  1
 37 38 44 54 59  1
 37 38 44 54 59 69  1
 37 38 44 54 59 67 68  1
 37 38 44 54 59 66  1
 37 38 44 54 59 66 69  1
 37 38 44 54 59 66 67 68  1
 37 38 44 54 57 58 59  1
 37 38 44 54 57 58 59 69  1
 37 38 44 54 57 58 59 67 68  1
 37 38 44 54 57 58 59 66  1
 37 38 44 54 57 58 59 66 69  1
 37 38 44 54 57 58 59 66 67 68  1
 37 38 42 54 59 71  1
 37 38 42 54 59 69 70  1
 37 38 42 54 59 66 71  1
 37 38 42 54 59 66 69 70  1
 37 38 42 54 57 58 59 71  1
 37 38 42 54 57 58 59 69 70  1
 37 38 42 54 57 58 59 66 71  1
 37 38 42 54 57 58 59 66 69 70  1
 37 38 42 44 54 59  1
 37 38 42 44 54 59 66  1
 37 38 42 44 54 57 58 59  1
 37 38 42 44 54 57 58 59 66  1
 32 39 54 59 71  1
 32 39 54 59 69 71  1
 32 39 54 59 67 68 71  1
 32 39 54 59 67 68 69 70  1
 32 39 54 59 66 71  1
 32 39 54 59 66 69 71  1
 32 39 54 59 66 67 68 71  1
 32 39 54 59 66 67 68 69 70  1
 32 39 44 54 59  1
 32 39 44 54 59 69  1
 32 39 44 54 59 67 68  1
 32 39 44 54 59 66  1
 32 39 44 54 59 66 69  1
 32 39 44 54 59 66 67 68  1
 32 39 42 54 59 71  1
 32 39 42 54 59 69 70  1
 32 39 42 54 59 66 71  1
 32 39 42 54 59 66 69 70  1
 32 39 42 44 54 59  1
 32 39 42 44 54 59 66  1
 32 37 38 54 59 71  1
 32 37 38 54 59 69 71  1
 32 37 38 54 59 67 68 71  1
 32 37 38 54 59 67 68 69 70  1
 32 37 38 54 59 66 71  1
 32 37 38 54 59 66 69 71  1
 32 37 38 54 59 66 67 68 71  1
 32 37 38 54 59 66 67 68 69 70  1
 32 37 38 44 54 59  1
 32 37 38 44 54 59 69  1
 32 37 38 44 54 59 67 68  1
 32 37 38 44 54 59 66  1
 32 37 38 44 54 59 66 69  1
 32 37 38 44 54 59 66 67 68  1
 32 37 38 42 54 59 71  1
 32 37 38 42 54 59 69 70  1
 32 37 38 42 54 59 66 71  1
 32 37 38 42 54 59 66 69 70  1
 32 37 38 42 44 54 59  1
 32 37 38 42 44 54 59 66  1
 24 39 54 59 71  1
 24 39 54 59 69 71  1
 24 39 54 59 67 68 71  1
 24 39 54 59 67 68 69 70  1
 24 39 54 57 58 59 71  1
 24 39 54 57 58 59 69 71  1
 24 39 54 57 58 59 67 68 71  1
 24 39 54 57 58 59 67 68 69 70  1
 24 39 44 54 59  1
 24 39 44 54 59 69  1
 24 39 44 54 59 67 68  1
 24 39 44 54 57 58 59  1
 24 39 44 54 57 58 59 69  1
 24 39 44 54 57 58 59 67 68  1
 24 39 42 54 59 71  1
 24 39 42 54 59 69 70  1
 24 39 42 54 57 58 59 71  1
 24 39 42 54 57 58 59 69 70  1
 24 39 42 44 54 59  1
 24 39 42 44 54 57 58 59  1
 24 37 38 54 59 71  1
 24 37 38 54 59 69 71  1
 24 37 38 54 59 67 68 71  1
 24 37 38 54 59 67 68 69 70  1
 24 37 38 54 57 58 59 71  1
 24 37 38 54 57 58 59 69 71  1
 24 37 38 54 57 58 59 67 68 71  1
 24 37 38 54 57 58 59 67 68 69 70  1
 24 37 38 44 54 59  1
 24 37 38 44 54 59 69  1
 24 37 38 44 54 59 67 68  1
 24 37 38 44 54 57 58 59  1
 24 37 38 44 54 57 58 59 69  1
 24 37 38 44 54 57 58 59 67 68  1
 24 37 38 42 54 59 71  1
 24 37 38 42 54 59 69 70  1
 24 37 38 42 54 57 58 59 71  1
 24 37 38 42 54 57 58 59 69 70  1
 24 37 38 42 44 54 59  1
 24 37 38 42 44 54 57 58 59  1
 24 32 39 54 59 71  1
 24 32 39 54 59 69 71  1
 24 32 39 54 59 67 68 71  1
 24 32 39 54 59 67 68 69 70  1
 24 32 39 44 54 59  1
 24 32 39 44 54 59 69  1
 24 32 39 44 54 59 67 68  1
 24 32 39 42 54 59 71  1
 24 32 39 42 54 59 69 70  1
 24 32 39 42 44 54 59  1
 24 32 37 38 54 59 71  1
 24 32 37 38 54 59 69 71  1
 24 32 37 38 54 59 67 68 71  1
 24 32 37 38 54 59 67 68 69 70  1
 24 32 37 38 44 54 59  1
 24 32 37 38 44 54 59 69  1
 24 32 37 38 44 54 59 67 68  1
 24 32 37 38 42 54 59 71  1
 24 32 37 38 42 54 59 69 70  1
 24 32 37 38 42 44 54 59  1
 22 23 39 54 59 71  1
 22 23 39 54 59 69 71  1
 22 23 39 54 59 67 68 71  1
 22 23 39 54 59 67 68 69 70  1
 22 23 39 54 57 58 59 71  1
 22 23 39 54 57 58 59 69 71  1
 22 23 39 54 57 58 59 67 68 71  1
 22 23 39 54 57 58 59 67 68 69 70  1
 22 23 39 44 54 59  1
 22 23 39 44 54 59 69  1
 22 23 39 44 54 59 67 68  1
 22 23 39 44 54 57 58 59  1
 22 23 39 44 54 57 58 59 69  1
 22 23 39 44 54 57 58 59 67 68  1
 22 23 39 42 54 59 71  1
 22 23 39 42 54 59 69 70  1
 22 23 39 42 54 57 58 59 71  1
 22 23 39 42 54 57 58 59 69 70  1
 22 23 39 42 44 54 59  1
 22 23 39 42 44 54 57 58 59  1
 22 23 37 38 54 59 71  1
 22 23 37 38 54 59 69 71  1
 22 23 37 38 54 59 67 68 71  1
 22 23 37 38 54 59 67 68 69 70  1
 22 23 37 38 54 57 58 59 71  1
 22 23 37 38 54 57 58 59 69 71  1
 22 23 37 38 54 57 58 59 67 68 71  1
 22 23 37 38 54 57 58 59 67 68 69 70  1
 22 23 37 38 44 54 59  1
 22 23 37 38 44 54 59 69  1
 22 23 37 38 44 54 59 67 68  1
 22 23 37 38 44 54 57 58 59  1
 22 23 37 38 44 54 57 58 59 69  1
 22 23 37 38 44 54 57 58 59 67 68  1
 22 23 37 38 42 54 59 71  1
 22 23 37 38 42 54 59 69 70  1
 22 23 37 38 42 54 57 58 59 71  1
 22 23 37 38 42 54 57 58 59 69 70  1
 22 23 37 38 42 44 54 59  1
 22 23 37 38 42 44 54 57 58 59  1
 22 23 32 39 54 59 71  1
 22 23 32 39 54 59 69 71  1
 22 23 32 39 54 59 67 68 71  1
 22 23 32 39 54 59 67 68 69 70  1
 22 23 32 39 44 54 59  1
 22 23 32 39 44 54 59 69  1
 22 23 32 39 44 54 59 67 68  1
 22 23 32 39 42 54 59 71  1
 22 23 32 39 42 54 59 69 70  1
 22 23 32 39 42 44 54 59  1
 22 23 32 37 38 54 59 71  1
 22 23 32 37 38 54 59 69 71  1
 22 23 32 37 38 54 59 67 68 71  1
 22 23 32 37 38 54 59 67 68 69 70  1
 22 23 32 37 38 44 54 59  1
 22 23 32 37 38 44 54 59 69  1
 22 23 32 37 38 44 54 59 67 68  1
 22 23 32 37 38 42 54 59 71  1
 22 23 32 37 38 42 54 59 69 70  1
 22 23 32 37 38 42 44 54 59  1
 12 54 59 71  1
 12 54 59 69 71  1
 12 54 59 67 68 71  1
 12 54 59 67 68 69 70  1
 12 54 59 66 71  1
 12 54 59 66 69 71  1
 12 54 59 66 67 68 71  1
 12 54 59 66 67 68 69 70  1
 12 54 57 58 59 71  1
 12 54 57 58 59 69 71  1
 12 54 57 58 59 67 68 71  1
 12 54 57 58 59 67 68 69 70  1
 12 54 57 58 59 66 71  1
 12 54 57 58 59 66 69 71  1
 12 54 57 58 59 66 67 68 71  1
 12 54 57 58 59 66 67 68 69 70  1
 12 44 54 59  1
 12 44 54 59 69  1
 12 44 54 59 67 68  1
 12 44 54 59 66  1
 12 44 54 59 66 69  1
 12 44 54 59 66 67 68  1
 12 44 54 57 58 59  1
 12 44 54 57 58 59 69  1
 12 44 54 57 58 59 67 68  1
 12 44 54 57 58 59 66  1
 12 44 54 57 58 59 66 69  1
 12 44 54 57 58 59 66 67 68  1
 12 42 54 59 71  1
 12 42 54 59 69 70  1
 12 42 54 59 66 71  1
 12 42 54 59 66 69 70  1
 12 42 54 57 58 59 71  1
 12 42 54 57 58 59 69 70  1
 12 42 54 57 58 59 66 71  1
 12 42 54 57 58 59 66 69 70  1
 12 42 44 54 59  1
 12 42 44 54 59 66  1
 12 42 44 54 57 58 59  1
 12 42 44 54 57 58 59 66  1
 12 32 54 59 71  1
 12 32 54 59 69 71  1
 12 32 54 59 67 68 71  1
 12 32 54 59 67 68 69 70  1
 12 32 54 59 66 71  1
 12 32 54 59 66 69 71  1
 12 32 54 59 66 67 68 71  1
 12 32 54 59 66 67 68 69 70  1
 12 32 44 54 59  1
 12 32 44 54 59 69  1
 12 32 44 54 59 67 68  1
 12 32 44 54 59 66  1
 12 32 44 54 59 66 69  1
 12 32 44 54 59 66 67 68  1
 12 32 42 54 59 71  1
 12 32 42 54 59 69 70  1
 12 32 42 54 59 66 71  1
 12 32 42 54 59 66 69 70  1
 12 32 42 44 54 59  1
 12 32 42 44 54 59 66  1
 12 24 54 59 71  1
 12 24 54 59 69 71  1
 12 24 54 59 67 68 71  1
 12 24 54 59 67 68 69 70  1
 12 24 54 57 58 59 71  1
 12 24 54 57 58 59 69 71  1
 12 24 54 57 58 59 67 68 71  1
 12 24 54 57 58 59 67 68 69 70  1
 12 24 44 54 59  1
 12 24 44 54 59 69  1
 12 24 44 54 59 67 68  1
 12 24 44 54 57 58 59  1
 12 24 44 54 57 58 59 69  1
 12 24 44 54 57 58 59 67 68  1
 12 24 42 54 59 71  1
 12 24 42 54 59 69 70  1
 12 24 42 54 57 58 59 71  1
 12 24 42 54 57 58 59 69 70  1
 12 24 42 44 54 59  1
 12 24 42 44 54 57 58 59  1
 12 24 32 54 59 71  1
 12 24 32 54 59 69 71  1
 12 24 32 54 59 67 68 71  1
 12 24 32 54 59 67 68 69 70  1
 12 24 32 44 54 59  1
 12 24 32 44 54 59 69  1
 12 24 32 44 54 59 67 68  1
 12 24 32 42 54 59 71  1
 12 24 32 42 54 59 69 70  1
 12 24 32 42 44 54 59  1
 12 22 23 54 59 71  1
 12 22 23 54 59 69 71  1
 12 22 23 54 59 67 68 71  1
 12 22 23 54 59 67 68 69 70  1
 12 22 23 54 57 58 59 71  1
 12 22 23 54 57 58 59 69 71  1
 12 22 23 54 57 58 59 67 68 71  1
 12 22 23 54 57 58 59 67 68 69 70  1
 12 22 23 44 54 59  1
 12 22 23 44 54 59 69  1
 12 22 23 44 54 59 67 68  1
 12 22 23 44 54 57 58 59  1
 12 22 23 44 54 57 58 59 69  1
 12 22 23 44 54 57 58 59 67 68  1
 12 22 23 42 54 59 71  1
 12 22 23 42 54 59 69 70  1
 12 22 23 42 54 57 58 59 71  1
 12 22 23 42 54 57 58 59 69 70  1
 12 22 23 42 44 54 59  1
 12 22 23 42 44 54 57 58 59  1
 12 22 23 32 54 59 71  1
 12 22 23 32 54 59 69 71  1
 12 22 23 32 54 59 67 68 71  1
 12 22 23 32 54 59 67 68 69 70  1
 12 22 23 32 44 54 59  1
 12 22 23 32 44 54 59 69  1
 12 22 23 32 44 54 59 67 68  1
 12 22 23 32 42 54 59 71  1
 12 22 23 32 42 54 59 69 70  1
 12 22 23 32 42 44 54 59  1
