 76  103
 74 76  5
 72 73 76  5
 72 73 74 75  5
 66  639
 65 76  5
 65 74 75  5
 65 66  43
 63 64 76  5
 63 64 74 75  5
 62 76  5
 62 74 75  5
 58  7
 56  11
 56 76  5
 56 74 75  5
 55 56  637
 54 55 76  5
 54 55 74 75  5
 49  103
 49 74  5
 49 72 73  5
 49 65  5
 49 63 64  5
 49 62  5
 49 56  5
 49 54 55  5
 48  39
 48 76  11
 48 74 75  11
 48 65  3
 47 76  5
 47 74 75  5
 47 49  5
 46 47 76  11
 46 47 74 75  11
 46 47 65  3
 46 47 49  11
 43 66  45
 43 57  35
 41 66  17
 41 64 65  17
 41 57  19
 41 55 56  17
 39 41  17
 38 76  5
 38 74 75  5
 38 49  5
 30  603
 30 41  17
 29 76  5
 29 74 75  5
 29 49  5
 21  39
 21 76  11
 21 74 75  11
 21 65  3
 21 49  11
 16  5
 13 66  11
 13 64 65  11
 13 57  11
 13 55 56  11
 13 39  11
 13 30  11
 11 76  5
 11 74 75  5
 11 49  5
 66 67  45
 64 65 67  29
 64 65 66  49
 62 66 76  3
 62 66 74 75  3
 62 64 65 76  3
 62 64 65 74 75  3
 57 74  1
 57 72 73  1
 57 65  15
 57 62 76  3
 57 62 74 75  3
 55 56 74  1
 55 56 72 73  1
 55 56 65  15
 55 56 62 76  3
 55 56 62 74 75  3
 49 62 66  3
 49 62 64 65  3
 49 57 62  3
 49 55 56 62  3
 48 74  1
 48 72 73  1
 48 66 76  9
 48 66 74 75  9
 48 64 66  1
 48 64 65  25
 48 64 65 76  9
 48 64 65 74 75  9
 48 57 76  9
 48 57 74 75  9
 48 57 64  1
 48 55 56 76  9
 48 55 56 74 75  9
 48 55 56 64  1
 48 49 66  39
 48 49 64 65  41
 48 49 57  27
 48 49 55 56  27
 47 66  9
 47 64 65  9
 47 48  1
 46  13
 46 66 76  3
 46 66 74 75  3
 46 66 67  1
 46 64 65  45
 46 64 65 67  1
 46 64 65 66  3
 46 57  29
 46 55 56  29
 46 49 66  3
 46 47 74  1
 46 47 72 73  1
 46 47 66 76  1
 46 47 66 74 75  1
 46 47 64 66  1
 46 47 64 65  15
 46 47 64 65 76  1
 46 47 64 65 74 75  1
 46 47 57 76  1
 46 47 57 74 75  1
 46 47 57 64  1
 46 47 55 56 76  1
 46 47 55 56 74 75  1
 46 47 55 56 64  1
 46 47 49 66  1
 46 47 49 64 65  1
 46 47 49 57  1
 46 47 49 55 56  1
 44 45  7
 44 45 66 76  3
 44 45 66 74 75  3
 44 45 66 67  1
 44 45 64 65  49
 44 45 64 65 67  1
 44 45 64 65 66  3
 44 45 57  33
 44 45 55 56  33
 44 45 49 66  3
 43 66 76  13
 43 66 74 75  13
 43 64 65 76  13
 43 64 65 74 75  13
 43 62 66 76  3
 43 62 66 74 75  3
 43 62 64 65 76  3
 43 62 64 65 74 75  3
 43 57 62 76  3
 43 57 62 74 75  3
 43 55 56 62 76  3
 43 55 56 62 74 75  3
 43 49 66  13
 43 49 64 65  13
 43 49 62 66  3
 43 49 62 64 65  3
 43 49 57 62  3
 43 49 55 56 62  3
 43 48 76  1
 43 48 74 75  1
 43 48 49  1
 43 46 47 76  1
 43 46 47 74 75  1
 43 46 47 49  1
 40 66  21
 40 64 65  21
 40 46 66  1
 40 46 64 65  1
 40 44 45 66  1
 40 44 45 64 65  1
 39 67  29
 39 65 66  21
 39 62 76  3
 39 62 74 75  3
 39 49 62  3
 39 48 76  9
 39 48 74 75  9
 39 48 64  1
 39 48 49  39
 39 47  9
 39 46 76  3
 39 46 74 75  3
 39 46 67  1
 39 46 65  1
 39 46 65 66  1
 39 46 49  3
 39 46 47 76  1
 39 46 47 74 75  1
 39 46 47 64  1
 39 46 47 49  1
 39 44 45 76  3
 39 44 45 74 75  3
 39 44 45 67  1
 39 44 45 65  1
 39 44 45 65 66  1
 39 44 45 49  3
 39 43 76  13
 39 43 74 75  13
 39 43 62 76  3
 39 43 62 74 75  3
 39 43 49  13
 39 43 49 62  3
 39 40  21
 39 40 46  1
 39 40 44 45  1
 33  3
 33 43  1
 31 32  1
 31 32 43  1
 30 74  1
 30 72 73  1
 30 65  15
 30 62 76  3
 30 62 74 75  3
 30 49 62  3
 30 48 76  9
 30 48 74 75  9
 30 48 64  1
 30 48 49  27
 30 46 47 76  1
 30 46 47 74 75  1
 30 46 47 64  1
 30 46 47 49  1
 30 43 62 76  3
 30 43 62 74 75  3
 30 43 49 62  3
 24  1
 24 43  1
 22 23  1
 22 23 43  1
 21 74  1
 21 72 73  1
 21 66 76  1
 21 66 74 75  1
 21 64 66  1
 21 64 65  15
 21 64 65 76  1
 21 64 65 74 75  1
 21 57 76  1
 21 57 74 75  1
 21 57 64  1
 21 55 56 76  1
 21 55 56 74 75  1
 21 55 56 64  1
 21 49 66  1
 21 49 64 65  1
 21 49 57  1
 21 49 55 56  1
 21 47  1
 21 43 76  1
 21 43 74 75  1
 21 43 49  1
 21 39 76  1
 21 39 74 75  1
 21 39 64  1
 21 39 49  1
 21 30 76  1
 21 30 74 75  1
 21 30 64  1
 21 30 49  1
 19  7
 19 66 76  3
 19 66 74 75  3
 19 66 67  1
 19 64 65  45
 19 64 65 67  1
 19 64 65 66  3
 19 57  29
 19 55 56  29
 19 49 66  3
 19 40 66  1
 19 40 64 65  1
 19 39 76  3
 19 39 74 75  3
 19 39 67  1
 19 39 65  1
 19 39 65 66  1
 19 39 49  3
 19 39 40  1
 15 43  1
 14  9
 14 43  1
 6  1
 6 43  1
 1 43 66  3
 1 43 64 65  3
 1 43 57  3
 1 43 55 56  3
 1 39 43  3
 1 30 43  3
 58 67 71  3
 58 67 69 70  3
 58 66 71  3
 58 66 69 70  3
 58 63 64 66 71  3
 58 63 64 66 69 70  3
 58 63 64 65 71  3
 58 63 64 65 69 70  3
 52 58 71  3
 52 58 69 70  3
 50 51 58 71  3
 50 51 58 69 70  3
 44 58 67  3
 44 58 66  3
 44 58 63 64 66  3
 44 58 63 64 65  3
 44 52 58  3
 44 50 51 58  3
 40 58 71  3
 40 58 69 70  3
 40 44 58  3
 39 58 71  3
 39 58 69 70  3
 39 58 65 71  3
 39 58 65 69 70  3
 39 58 63 64 71  3
 39 58 63 64 69 70  3
 39 50 59 71  1
 39 50 59 69 70  1
 39 50 59 66 71  1
 39 50 59 66 69 70  1
 39 50 59 64 65 71  1
 39 50 59 64 65 69 70  1
 39 50 58 71  1
 39 50 58 69 71  1
 39 50 58 67 68 71  1
 39 50 58 67 68 69 70  1
 39 50 58 66 71  1
 39 50 58 66 69 71  1
 39 50 58 66 67 68 71  1
 39 50 58 66 67 68 69 70  1
 39 50 58 64 65 71  1
 39 50 58 64 65 69 71  1
 39 50 58 64 65 67 68 71  1
 39 50 58 64 65 67 68 69 70  1
 39 50 55 56 58 71  1
 39 50 55 56 58 69 70  1
 39 50 55 56 58 66 71  1
 39 50 55 56 58 66 69 70  1
 39 50 55 56 58 64 65 71  1
 39 50 55 56 58 64 65 69 70  1
 39 48 49 59 71  1
 39 48 49 59 69 70  1
 39 48 49 59 66 71  1
 39 48 49 59 66 69 70  1
 39 48 49 59 64 65 71  1
 39 48 49 59 64 65 69 70  1
 39 48 49 58 71  1
 39 48 49 58 69 71  1
 39 48 49 58 67 68 71  1
 39 48 49 58 67 68 69 70  1
 39 48 49 58 66 71  1
 39 48 49 58 66 69 71  1
 39 48 49 58 66 67 68 71  1
 39 48 49 58 66 67 68 69 70  1
 39 48 49 58 64 65 71  1
 39 48 49 58 64 65 69 71  1
 39 48 49 58 64 65 67 68 71  1
 39 48 49 58 64 65 67 68 69 70  1
 39 48 49 55 56 58 71  1
 39 48 49 55 56 58 69 70  1
 39 48 49 55 56 58 66 71  1
 39 48 49 55 56 58 66 69 70  1
 39 48 49 55 56 58 64 65 71  1
 39 48 49 55 56 58 64 65 69 70  1
 39 44 58  3
 39 44 58 65  3
 39 44 58 63 64  3
 39 44 50 59  1
 39 44 50 59 66  1
 39 44 50 59 64 65  1
 39 44 50 58  1
 39 44 50 58 69  1
 39 44 50 58 67 68  1
 39 44 50 58 66  1
 39 44 50 58 66 69  1
 39 44 50 58 66 67 68  1
 39 44 50 58 64 65  1
 39 44 50 58 64 65 69  1
 39 44 50 58 64 65 67 68  1
 39 44 50 55 56 58  1
 39 44 50 55 56 58 66  1
 39 44 50 55 56 58 64 65  1
 39 44 48 49 59  1
 39 44 48 49 59 66  1
 39 44 48 49 59 64 65  1
 39 44 48 49 58  1
 39 44 48 49 58 69  1
 39 44 48 49 58 67 68  1
 39 44 48 49 58 66  1
 39 44 48 49 58 66 69  1
 39 44 48 49 58 66 67 68  1
 39 44 48 49 58 64 65  1
 39 44 48 49 58 64 65 69  1
 39 44 48 49 58 64 65 67 68  1
 39 44 48 49 55 56 58  1
 39 44 48 49 55 56 58 66  1
 39 44 48 49 55 56 58 64 65  1
 39 42 50 58 71  1
 39 42 50 58 69 70  1
 39 42 50 58 66 71  1
 39 42 50 58 66 69 70  1
 39 42 50 58 64 65 71  1
 39 42 50 58 64 65 69 70  1
 39 42 48 49 58 71  1
 39 42 48 49 58 69 70  1
 39 42 48 49 58 66 71  1
 39 42 48 49 58 66 69 70  1
 39 42 48 49 58 64 65 71  1
 39 42 48 49 58 64 65 69 70  1
 39 42 44 50 58  1
 39 42 44 50 58 66  1
 39 42 44 50 58 64 65  1
 39 42 44 48 49 58  1
 39 42 44 48 49 58 66  1
 39 42 44 48 49 58 64 65  1
 38 58 66 71  3
 38 58 66 69 70  3
 38 58 64 65 71  3
 38 58 64 65 69 70  3
 38 44 58 66  3
 38 44 58 64 65  3
 38 39 58 71  3
 38 39 58 69 70  3
 38 39 44 58  3
 37 38 50 59 66 71  1
 37 38 50 59 66 69 70  1
 37 38 50 59 64 65 71  1
 37 38 50 59 64 65 69 70  1
 37 38 50 58 66 71  1
 37 38 50 58 66 69 71  1
 37 38 50 58 66 67 68 71  1
 37 38 50 58 66 67 68 69 70  1
 37 38 50 58 64 65 71  1
 37 38 50 58 64 65 69 71  1
 37 38 50 58 64 65 67 68 71  1
 37 38 50 58 64 65 67 68 69 70  1
 37 38 50 55 56 58 66 71  1
 37 38 50 55 56 58 66 69 70  1
 37 38 50 55 56 58 64 65 71  1
 37 38 50 55 56 58 64 65 69 70  1
 37 38 48 49 59 66 71  1
 37 38 48 49 59 66 69 70  1
 37 38 48 49 59 64 65 71  1
 37 38 48 49 59 64 65 69 70  1
 37 38 48 49 58 66 71  1
 37 38 48 49 58 66 69 71  1
 37 38 48 49 58 66 67 68 71  1
 37 38 48 49 58 66 67 68 69 70  1
 37 38 48 49 58 64 65 71  1
 37 38 48 49 58 64 65 69 71  1
 37 38 48 49 58 64 65 67 68 71  1
 37 38 48 49 58 64 65 67 68 69 70  1
 37 38 48 49 55 56 58 66 71  1
 37 38 48 49 55 56 58 66 69 70  1
 37 38 48 49 55 56 58 64 65 71  1
 37 38 48 49 55 56 58 64 65 69 70  1
 37 38 44 50 59 66  1
 37 38 44 50 59 64 65  1
 37 38 44 50 58 66  1
 37 38 44 50 58 66 69  1
 37 38 44 50 58 66 67 68  1
 37 38 44 50 58 64 65  1
 37 38 44 50 58 64 65 69  1
 37 38 44 50 58 64 65 67 68  1
 37 38 44 50 55 56 58 66  1
 37 38 44 50 55 56 58 64 65  1
 37 38 44 48 49 59 66  1
 37 38 44 48 49 59 64 65  1
 37 38 44 48 49 58 66  1
 37 38 44 48 49 58 66 69  1
 37 38 44 48 49 58 66 67 68  1
 37 38 44 48 49 58 64 65  1
 37 38 44 48 49 58 64 65 69  1
 37 38 44 48 49 58 64 65 67 68  1
 37 38 44 48 49 55 56 58 66  1
 37 38 44 48 49 55 56 58 64 65  1
 37 38 42 50 58 66 71  1
 37 38 42 50 58 66 69 70  1
 37 38 42 50 58 64 65 71  1
 37 38 42 50 58 64 65 69 70  1
 37 38 42 48 49 58 66 71  1
 37 38 42 48 49 58 66 69 70  1
 37 38 42 48 49 58 64 65 71  1
 37 38 42 48 49 58 64 65 69 70  1
 37 38 42 44 50 58 66  1
 37 38 42 44 50 58 64 65  1
 37 38 42 44 48 49 58 66  1
 37 38 42 44 48 49 58 64 65  1
 37 38 39 50 59 71  1
 37 38 39 50 59 69 70  1
 37 38 39 50 58 71  1
 37 38 39 50 58 69 71  1
 37 38 39 50 58 67 68 71  1
 37 38 39 50 58 67 68 69 70  1
 37 38 39 50 55 56 58 71  1
 37 38 39 50 55 56 58 69 70  1
 37 38 39 48 49 59 71  1
 37 38 39 48 49 59 69 70  1
 37 38 39 48 49 58 71  1
 37 38 39 48 49 58 69 71  1
 37 38 39 48 49 58 67 68 71  1
 37 38 39 48 49 58 67 68 69 70  1
 37 38 39 48 49 55 56 58 71  1
 37 38 39 48 49 55 56 58 69 70  1
 37 38 39 44 50 59  1
 37 38 39 44 50 58  1
 37 38 39 44 50 58 69  1
 37 38 39 44 50 58 67 68  1
 37 38 39 44 50 55 56 58  1
 37 38 39 44 48 49 59  1
 37 38 39 44 48 49 58  1
 37 38 39 44 48 49 58 69  1
 37 38 39 44 48 49 58 67 68  1
 37 38 39 44 48 49 55 56 58  1
 37 38 39 42 50 58 71  1
 37 38 39 42 50 58 69 70  1
 37 38 39 42 48 49 58 71  1
 37 38 39 42 48 49 58 69 70  1
 37 38 39 42 44 50 58  1
 37 38 39 42 44 48 49 58  1
 36 58 67 71  1
 36 58 67 69 70  1
 36 58 66 71  1
 36 58 66 69 70  1
 36 58 63 64 66 71  1
 36 58 63 64 66 69 70  1
 36 58 63 64 65 71  1
 36 58 63 64 65 69 70  1
 36 52 58 71  1
 36 52 58 69 70  1
 36 50 51 58 71  1
 36 50 51 58 69 70  1
 36 44 58 67  1
 36 44 58 66  1
 36 44 58 63 64 66  1
 36 44 58 63 64 65  1
 36 44 52 58  1
 36 44 50 51 58  1
 36 40 58 71  1
 36 40 58 69 70  1
 36 40 44 58  1
 36 39 58 71  1
 36 39 58 69 70  1
 36 39 58 65 71  1
 36 39 58 65 69 70  1
 36 39 58 63 64 71  1
 36 39 58 63 64 69 70  1
 36 39 44 58  1
 36 39 44 58 65  1
 36 39 44 58 63 64  1
 36 38 58 66 71  1
 36 38 58 66 69 70  1
 36 38 58 64 65 71  1
 36 38 58 64 65 69 70  1
 36 38 44 58 66  1
 36 38 44 58 64 65  1
 36 38 39 58 71  1
 36 38 39 58 69 70  1
 36 38 39 44 58  1
 25 58 71  3
 25 58 69 70  3
 25 44 58  3
 25 36 58 71  1
 25 36 58 69 70  1
 25 36 44 58  1
 23 39 59 71  1
 23 39 59 69 70  1
 23 39 59 66 71  1
 23 39 59 66 69 70  1
 23 39 59 64 65 71  1
 23 39 59 64 65 69 70  1
 23 39 58 71  1
 23 39 58 69 71  1
 23 39 58 67 68 71  1
 23 39 58 67 68 69 70  1
 23 39 58 66 71  1
 23 39 58 66 69 71  1
 23 39 58 66 67 68 71  1
 23 39 58 66 67 68 69 70  1
 23 39 58 64 65 71  1
 23 39 58 64 65 69 71  1
 23 39 58 64 65 67 68 71  1
 23 39 58 64 65 67 68 69 70  1
 23 39 55 56 58 71  1
 23 39 55 56 58 69 70  1
 23 39 55 56 58 66 71  1
 23 39 55 56 58 66 69 70  1
 23 39 55 56 58 64 65 71  1
 23 39 55 56 58 64 65 69 70  1
 23 39 44 59  1
 23 39 44 59 66  1
 23 39 44 59 64 65  1
 23 39 44 58  1
 23 39 44 58 69  1
 23 39 44 58 67 68  1
 23 39 44 58 66  1
 23 39 44 58 66 69  1
 23 39 44 58 66 67 68  1
 23 39 44 58 64 65  1
 23 39 44 58 64 65 69  1
 23 39 44 58 64 65 67 68  1
 23 39 44 55 56 58  1
 23 39 44 55 56 58 66  1
 23 39 44 55 56 58 64 65  1
 23 39 42 58 71  1
 23 39 42 58 69 70  1
 23 39 42 58 66 71  1
 23 39 42 58 66 69 70  1
 23 39 42 58 64 65 71  1
 23 39 42 58 64 65 69 70  1
 23 39 42 44 58  1
 23 39 42 44 58 66  1
 23 39 42 44 58 64 65  1
 23 37 38 59 66 71  1
 23 37 38 59 66 69 70  1
 23 37 38 59 64 65 71  1
 23 37 38 59 64 65 69 70  1
 23 37 38 58 66 71  1
 23 37 38 58 66 69 71  1
 23 37 38 58 66 67 68 71  1
 23 37 38 58 66 67 68 69 70  1
 23 37 38 58 64 65 71  1
 23 37 38 58 64 65 69 71  1
 23 37 38 58 64 65 67 68 71  1
 23 37 38 58 64 65 67 68 69 70  1
 23 37 38 55 56 58 66 71  1
 23 37 38 55 56 58 66 69 70  1
 23 37 38 55 56 58 64 65 71  1
 23 37 38 55 56 58 64 65 69 70  1
 23 37 38 44 59 66  1
 23 37 38 44 59 64 65  1
 23 37 38 44 58 66  1
 23 37 38 44 58 66 69  1
 23 37 38 44 58 66 67 68  1
 23 37 38 44 58 64 65  1
 23 37 38 44 58 64 65 69  1
 23 37 38 44 58 64 65 67 68  1
 23 37 38 44 55 56 58 66  1
 23 37 38 44 55 56 58 64 65  1
 23 37 38 42 58 66 71  1
 23 37 38 42 58 66 69 70  1
 23 37 38 42 58 64 65 71  1
 23 37 38 42 58 64 65 69 70  1
 23 37 38 42 44 58 66  1
 23 37 38 42 44 58 64 65  1
 23 37 38 39 59 71  1
 23 37 38 39 59 69 70  1
 23 37 38 39 58 71  1
 23 37 38 39 58 69 71  1
 23 37 38 39 58 67 68 71  1
 23 37 38 39 58 67 68 69 70  1
 23 37 38 39 55 56 58 71  1
 23 37 38 39 55 56 58 69 70  1
 23 37 38 39 44 59  1
 23 37 38 39 44 58  1
 23 37 38 39 44 58 69  1
 23 37 38 39 44 58 67 68  1
 23 37 38 39 44 55 56 58  1
 23 37 38 39 42 58 71  1
 23 37 38 39 42 58 69 70  1
 23 37 38 39 42 44 58  1
 12 50 59 66 71  1
 12 50 59 66 69 70  1
 12 50 59 64 65 71  1
 12 50 59 64 65 69 70  1
 12 50 58 66 71  1
 12 50 58 66 69 71  1
 12 50 58 66 67 68 71  1
 12 50 58 66 67 68 69 70  1
 12 50 58 64 65 71  1
 12 50 58 64 65 69 71  1
 12 50 58 64 65 67 68 71  1
 12 50 58 64 65 67 68 69 70  1
 12 50 55 56 58 66 71  1
 12 50 55 56 58 66 69 70  1
 12 50 55 56 58 64 65 71  1
 12 50 55 56 58 64 65 69 70  1
 12 48 49 59 66 71  1
 12 48 49 59 66 69 70  1
 12 48 49 59 64 65 71  1
 12 48 49 59 64 65 69 70  1
 12 48 49 58 66 71  1
 12 48 49 58 66 69 71  1
 12 48 49 58 66 67 68 71  1
 12 48 49 58 66 67 68 69 70  1
 12 48 49 58 64 65 71  1
 12 48 49 58 64 65 69 71  1
 12 48 49 58 64 65 67 68 71  1
 12 48 49 58 64 65 67 68 69 70  1
 12 48 49 55 56 58 66 71  1
 12 48 49 55 56 58 66 69 70  1
 12 48 49 55 56 58 64 65 71  1
 12 48 49 55 56 58 64 65 69 70  1
 12 44 50 59 66  1
 12 44 50 59 64 65  1
 12 44 50 58 66  1
 12 44 50 58 66 69  1
 12 44 50 58 66 67 68  1
 12 44 50 58 64 65  1
 12 44 50 58 64 65 69  1
 12 44 50 58 64 65 67 68  1
 12 44 50 55 56 58 66  1
 12 44 50 55 56 58 64 65  1
 12 44 48 49 59 66  1
 12 44 48 49 59 64 65  1
 12 44 48 49 58 66  1
 12 44 48 49 58 66 69  1
 12 44 48 49 58 66 67 68  1
 12 44 48 49 58 64 65  1
 12 44 48 49 58 64 65 69  1
 12 44 48 49 58 64 65 67 68  1
 12 44 48 49 55 56 58 66  1
 12 44 48 49 55 56 58 64 65  1
 12 42 50 58 66 71  1
 12 42 50 58 66 69 70  1
 12 42 50 58 64 65 71  1
 12 42 50 58 64 65 69 70  1
 12 42 48 49 58 66 71  1
 12 42 48 49 58 66 69 70  1
 12 42 48 49 58 64 65 71  1
 12 42 48 49 58 64 65 69 70  1
 12 42 44 50 58 66  1
 12 42 44 50 58 64 65  1
 12 42 44 48 49 58 66  1
 12 42 44 48 49 58 64 65  1
 12 39 50 59 71  1
 12 39 50 59 69 70  1
 12 39 50 58 71  1
 12 39 50 58 69 71  1
 12 39 50 58 67 68 71  1
 12 39 50 58 67 68 69 70  1
 12 39 50 55 56 58 71  1
 12 39 50 55 56 58 69 70  1
 12 39 48 49 59 71  1
 12 39 48 49 59 69 70  1
 12 39 48 49 58 71  1
 12 39 48 49 58 69 71  1
 12 39 48 49 58 67 68 71  1
 12 39 48 49 58 67 68 69 70  1
 12 39 48 49 55 56 58 71  1
 12 39 48 49 55 56 58 69 70  1
 12 39 44 50 59  1
 12 39 44 50 58  1
 12 39 44 50 58 69  1
 12 39 44 50 58 67 68  1
 12 39 44 50 55 56 58  1
 12 39 44 48 49 59  1
 12 39 44 48 49 58  1
 12 39 44 48 49 58 69  1
 12 39 44 48 49 58 67 68  1
 12 39 44 48 49 55 56 58  1
 12 39 42 50 58 71  1
 12 39 42 50 58 69 70  1
 12 39 42 48 49 58 71  1
 12 39 42 48 49 58 69 70  1
 12 39 42 44 50 58  1
 12 39 42 44 48 49 58  1
 12 23 59 66 71  1
 12 23 59 66 69 70  1
 12 23 59 64 65 71  1
 12 23 59 64 65 69 70  1
 12 23 58 66 71  1
 12 23 58 66 69 71  1
 12 23 58 66 67 68 71  1
 12 23 58 66 67 68 69 70  1
 12 23 58 64 65 71  1
 12 23 58 64 65 69 71  1
 12 23 58 64 65 67 68 71  1
 12 23 58 64 65 67 68 69 70  1
 12 23 55 56 58 66 71  1
 12 23 55 56 58 66 69 70  1
 12 23 55 56 58 64 65 71  1
 12 23 55 56 58 64 65 69 70  1
 12 23 44 59 66  1
 12 23 44 59 64 65  1
 12 23 44 58 66  1
 12 23 44 58 66 69  1
 12 23 44 58 66 67 68  1
 12 23 44 58 64 65  1
 12 23 44 58 64 65 69  1
 12 23 44 58 64 65 67 68  1
 12 23 44 55 56 58 66  1
 12 23 44 55 56 58 64 65  1
 12 23 42 58 66 71  1
 12 23 42 58 66 69 70  1
 12 23 42 58 64 65 71  1
 12 23 42 58 64 65 69 70  1
 12 23 42 44 58 66  1
 12 23 42 44 58 64 65  1
 12 23 39 59 71  1
 12 23 39 59 69 70  1
 12 23 39 58 71  1
 12 23 39 58 69 71  1
 12 23 39 58 67 68 71  1
 12 23 39 58 67 68 69 70  1
 12 23 39 55 56 58 71  1
 12 23 39 55 56 58 69 70  1
 12 23 39 44 59  1
 12 23 39 44 58  1
 12 23 39 44 58 69  1
 12 23 39 44 58 67 68  1
 12 23 39 44 55 56 58  1
 12 23 39 42 58 71  1
 12 23 39 42 58 69 70  1
 12 23 39 42 44 58  1
 30 46 66  3
 30 46 64 65  3
 30 46 57  3
 30 46 55 56  3
 30 44 45 66  3
 30 44 45 64 65  3
 30 44 45 57  3
 30 44 45 55 56  3
 30 39 46  3
 30 39 44 45  3
 19 30 66  3
 19 30 64 65  3
 19 30 57  3
 19 30 55 56  3
 19 30 39  3
 79  1
 77 78  1
 74  1
 72 73  1
 65 78  1
 65 76 77  1
 61  1
 51 65  1
 50  3
 50 51  1
 47  3
 41 42  1
 32  7
 32 48  1
 32 46 47  1
 23  3
 23 24  1
 21 32  1
 13  1
 1  1
 46 65 66 76  1
 46 65 66 74 75  1
 46 57 65 76  1
 46 57 65 74 75  1
 46 55 56 65 76  1
 46 55 56 65 74 75  1
 46 49 65 66  1
 46 49 57 65  1
 46 49 55 56 65  1
 44 45 65 66 76  1
 44 45 65 66 74 75  1
 44 45 57 65 76  1
 44 45 57 65 74 75  1
 44 45 55 56 65 76  1
 44 45 55 56 65 74 75  1
 44 45 49 65 66  1
 44 45 49 57 65  1
 44 45 49 55 56 65  1
 39 46 65 76  1
 39 46 65 74 75  1
 39 46 49 65  1
 39 44 45 65 76  1
 39 44 45 65 74 75  1
 39 44 45 49 65  1
 30 46 65 76  1
 30 46 65 74 75  1
 30 46 49 65  1
 30 44 45 65 76  1
 30 44 45 65 74 75  1
 30 44 45 49 65  1
 19 65 66 76  1
 19 65 66 74 75  1
 19 57 65 76  1
 19 57 65 74 75  1
 19 55 56 65 76  1
 19 55 56 65 74 75  1
 19 49 65 66  1
 19 49 57 65  1
 19 49 55 56 65  1
 19 39 65 76  1
 19 39 65 74 75  1
 19 39 49 65  1
 19 30 65 76  1
 19 30 65 74 75  1
 19 30 49 65  1
 56 69  1
 56 67 68  1
 54 56 67 71 74  1
 54 56 67 71 72 73  1
 54 56 67 69 70 74  1
 54 56 67 69 70 72 73  1
 54 56 65 66 71 74  1
 54 56 65 66 71 72 73  1
 54 56 65 66 69 70 74  1
 54 56 65 66 69 70 72 73  1
 47 54 56 67 71  1
 47 54 56 67 69 70  1
 47 54 56 65 66 71  1
 47 54 56 65 66 69 70  1
 44 54 56 67 74  1
 44 54 56 67 72 73  1
 44 54 56 65 66 74  1
 44 54 56 65 66 72 73  1
 44 47 54 56 67  1
 44 47 54 56 65 66  1
 42 56  1
 40 54 56 71 74  1
 40 54 56 71 72 73  1
 40 54 56 69 70 74  1
 40 54 56 69 70 72 73  1
 40 47 54 56 71  1
 40 47 54 56 69 70  1
 40 44 54 56 74  1
 40 44 54 56 72 73  1
 40 44 47 54 56  1
