 77  3
 75  3
 75 76  3
 73 74  3
 48  3
 13  3
 58  127
 58 75  61
 58 73 74  61
 48 58  61
 46 58 67  3
 46 58 65 79  1
 46 58 65 77 78  1
 46 58 65 67  1
 46 52 58 65  1
 18  1
 50 58  157
 34 58 60 67 75  19
 34 58 60 67 73 74  19
 34 48 58 60 67  19
 32 33 58 60 67 75  19
 32 33 58 60 67 73 74  19
 32 33 48 58 60 67  19
 25 34 58 60 75  19
 25 34 58 60 73 74  19
 25 34 48 58 60  19
 25 32 33 58 60 75  19
 25 32 33 58 60 73 74  19
 25 32 33 48 58 60  19
 23 24 34 58 60 75  19
 23 24 34 58 60 73 74  19
 23 24 34 48 58 60  19
 23 24 32 33 58 60 75  19
 23 24 32 33 58 60 73 74  19
 23 24 32 33 48 58 60  19
 7 58 60 67 75  19
 7 58 60 67 73 74  19
 7 48 58 60 67  19
 7 25 58 60 75  19
 7 25 58 60 73 74  19
 7 25 48 58 60  19
 7 23 24 58 60 75  19
 7 23 24 58 60 73 74  19
 7 23 24 48 58 60  19
 58 77  129
 58 75 76  129
 33 58 77  3
 33 58 75 76  3
