 58 60  3
 58 60 75  3
 58 60 73 74  3
 58 59  11
 58 59 75  3
 58 59 73 74  3
 48 58 60  3
 48 58 59  3
 46 58  3
 33 58  9
 33 58 75  9
 33 58 73 74  9
 33 48 58  9
 16  9
 15  9
 14 75  9
 14 73 74  9
 14 48  9
 50 56 79  13
 50 56 77 78  13
 50 54 55 79  19
 50 54 55 77 78  19
 50 52 56  13
 50 52 54 55  19
 29 50 79  13
 29 50 77 78  13
 29 50 52  13
 63 70  107
 63 68 69  107
 58 63  107
 56 63  135
 43 63  107
 39 50 56  1
 39 50 54 55  1
 37 38 50 56  1
 37 38 50 54 55  1
 29 39 50  1
 29 37 38 50  1
 12 50 56  1
 12 50 54 55  1
 12 29 50  1
 54 55 70 79  5
 54 55 70 77 78  5
 54 55 68 69 79  5
 54 55 68 69 77 78  5
 54 55 63 70 79  3
 54 55 63 70 77 78  3
 54 55 63 68 69 79  3
 54 55 63 68 69 77 78  3
 54 55 58 79  5
 54 55 58 77 78  5
 54 55 58 63 79  3
 54 55 58 63 77 78  3
 54 55 56 79  5
 54 55 56 77 78  5
 54 55 56 63 79  3
 54 55 56 63 77 78  3
 52 54 55 70  5
 52 54 55 68 69  5
 52 54 55 63 70  3
 52 54 55 63 68 69  3
 52 54 55 58  5
 52 54 55 58 63  3
 52 54 55 56  5
 52 54 55 56 63  3
 52 53 55 63 70  3
 52 53 55 63 70 79  3
 52 53 55 63 70 77 78  3
 52 53 55 63 68 69  3
 52 53 55 63 68 69 79  3
 52 53 55 63 68 69 77 78  3
 52 53 55 58 63  3
 52 53 55 58 63 79  3
 52 53 55 58 63 77 78  3
 52 53 55 56 63  3
 52 53 55 56 63 79  3
 52 53 55 56 63 77 78  3
 43 54 55 79  5
 43 54 55 77 78  5
 43 54 55 63 79  3
 43 54 55 63 77 78  3
 43 52 54 55  5
 43 52 54 55 63  3
 43 52 53 55 63  3
 43 52 53 55 63 79  3
 43 52 53 55 63 77 78  3
 28 63 70 79  7
 28 63 70 77 78  7
 28 63 68 69 79  7
 28 63 68 69 77 78  7
 28 58 63 79  7
 28 58 63 77 78  7
 28 56 63 79  9
 28 56 63 77 78  9
 28 54 70 79  5
 28 54 70 77 78  5
 28 54 68 69 79  5
 28 54 68 69 77 78  5
 28 54 58 79  5
 28 54 58 77 78  5
 28 54 56 79  5
 28 54 56 77 78  5
 28 52 63 70  7
 28 52 63 68 69  7
 28 52 58 63  7
 28 52 56 63  9
 28 52 54 70  5
 28 52 54 68 69  5
 28 52 54 58  5
 28 52 54 56  5
 28 43 63 79  7
 28 43 63 77 78  7
 28 43 54 79  5
 28 43 54 77 78  5
 28 43 52 63  7
 28 43 52 54  5
 27 55 63 70 79  3
 27 55 63 70 77 78  3
 27 55 63 68 69 79  3
 27 55 63 68 69 77 78  3
 27 55 58 63 79  3
 27 55 58 63 77 78  3
 27 55 56 63 79  3
 27 55 56 63 77 78  3
 27 52 55 63 70  3
 27 52 55 63 68 69  3
 27 52 55 58 63  3
 27 52 55 56 63  3
 27 43 55 63 79  3
 27 43 55 63 77 78  3
 27 43 52 55 63  3
 50 54 59 70  1
 50 54 59 68 69  1
 50 54 58 59  1
 50 54 56 59  1
 50 52 53 59 70  1
 50 52 53 59 68 69  1
 50 52 53 58 59  1
 50 52 53 56 59  1
 43 50 54 59  1
 43 50 52 53 59  1
 27 50 59 70  1
 27 50 59 68 69  1
 27 50 58 59  1
 27 50 56 59  1
 27 43 50 59  1
 54 70  21
 54 68 69  21
 54 58  21
 54 56  23
 43 54  21
 41 56 63  11
 26 27 63 70 79  5
 26 27 63 70 77 78  5
 26 27 63 68 69 79  5
 26 27 63 68 69 77 78  5
 26 27 58 63 79  5
 26 27 58 63 77 78  5
 26 27 56 63 79  5
 26 27 56 63 77 78  5
 26 27 54 70 79  1
 26 27 54 70 77 78  1
 26 27 54 68 69 79  1
 26 27 54 68 69 77 78  1
 26 27 54 58 79  1
 26 27 54 58 77 78  1
 26 27 54 56 79  1
 26 27 54 56 77 78  1
 26 27 52 63 70  5
 26 27 52 63 68 69  5
 26 27 52 58 63  5
 26 27 52 56 63  5
 26 27 52 54 70  1
 26 27 52 54 68 69  1
 26 27 52 54 58  1
 26 27 52 54 56  1
 26 27 43 63 79  5
 26 27 43 63 77 78  5
 26 27 43 54 79  1
 26 27 43 54 77 78  1
 26 27 43 52 63  5
 26 27 43 52 54  1
 12 70  13
 12 68 69  13
 12 58  13
 12 56  15
 12 55 70 79  1
 12 55 70 77 78  1
 12 55 68 69 79  1
 12 55 68 69 77 78  1
 12 55 58 79  1
 12 55 58 77 78  1
 12 55 56 79  1
 12 55 56 77 78  1
 12 52 55 70  1
 12 52 55 68 69  1
 12 52 55 58  1
 12 52 55 56  1
 12 43  13
 12 43 55 79  1
 12 43 55 77 78  1
 12 43 52 55  1
 12 28 70 79  1
 12 28 70 77 78  1
 12 28 68 69 79  1
 12 28 68 69 77 78  1
 12 28 58 79  1
 12 28 58 77 78  1
 12 28 56 79  1
 12 28 56 77 78  1
 12 28 52 70  1
 12 28 52 68 69  1
 12 28 52 58  1
 12 28 52 56  1
 12 28 43 79  1
 12 28 43 77 78  1
 12 28 43 52  1
 12 26 27 70 79  1
 12 26 27 70 77 78  1
 12 26 27 68 69 79  1
 12 26 27 68 69 77 78  1
 12 26 27 58 79  1
 12 26 27 58 77 78  1
 12 26 27 56 79  1
 12 26 27 56 77 78  1
 12 26 27 52 70  1
 12 26 27 52 68 69  1
 12 26 27 52 58  1
 12 26 27 52 56  1
 12 26 27 43 79  1
 12 26 27 43 77 78  1
 12 26 27 43 52  1
 10 11 70  13
 10 11 68 69  13
 10 11 58  13
 10 11 56  15
 10 11 55 70 79  1
 10 11 55 70 77 78  1
 10 11 55 68 69 79  1
 10 11 55 68 69 77 78  1
 10 11 55 58 79  1
 10 11 55 58 77 78  1
 10 11 55 56 79  1
 10 11 55 56 77 78  1
 10 11 52 55 70  1
 10 11 52 55 68 69  1
 10 11 52 55 58  1
 10 11 52 55 56  1
 10 11 43  13
 10 11 43 55 79  1
 10 11 43 55 77 78  1
 10 11 43 52 55  1
 10 11 28 70 79  1
 10 11 28 70 77 78  1
 10 11 28 68 69 79  1
 10 11 28 68 69 77 78  1
 10 11 28 58 79  1
 10 11 28 58 77 78  1
 10 11 28 56 79  1
 10 11 28 56 77 78  1
 10 11 28 52 70  1
 10 11 28 52 68 69  1
 10 11 28 52 58  1
 10 11 28 52 56  1
 10 11 28 43 79  1
 10 11 28 43 77 78  1
 10 11 28 43 52  1
 10 11 26 27 70 79  1
 10 11 26 27 70 77 78  1
 10 11 26 27 68 69 79  1
 10 11 26 27 68 69 77 78  1
 10 11 26 27 58 79  1
 10 11 26 27 58 77 78  1
 10 11 26 27 56 79  1
 10 11 26 27 56 77 78  1
 10 11 26 27 52 70  1
 10 11 26 27 52 68 69  1
 10 11 26 27 52 58  1
 10 11 26 27 52 56  1
 10 11 26 27 43 79  1
 10 11 26 27 43 77 78  1
 10 11 26 27 43 52  1
 1 63 70 79  3
 1 63 70 77 78  3
 1 63 68 69 79  3
 1 63 68 69 77 78  3
 1 58 63 79  3
 1 58 63 77 78  3
 1 56 63 79  3
 1 56 63 77 78  3
 1 54 70 79  1
 1 54 70 77 78  1
 1 54 68 69 79  1
 1 54 68 69 77 78  1
 1 54 58 79  1
 1 54 58 77 78  1
 1 54 56 79  1
 1 54 56 77 78  1
 1 52 63 70  3
 1 52 63 68 69  3
 1 52 58 63  3
 1 52 56 63  3
 1 52 54 70  1
 1 52 54 68 69  1
 1 52 54 58  1
 1 52 54 56  1
 1 43 63 79  3
 1 43 63 77 78  3
 1 43 54 79  1
 1 43 54 77 78  1
 1 43 52 63  3
 1 43 52 54  1
 1 12 70 79  1
 1 12 70 77 78  1
 1 12 68 69 79  1
 1 12 68 69 77 78  1
 1 12 58 79  1
 1 12 58 77 78  1
 1 12 56 79  1
 1 12 56 77 78  1
 1 12 52 70  1
 1 12 52 68 69  1
 1 12 52 58  1
 1 12 52 56  1
 1 12 43 79  1
 1 12 43 77 78  1
 1 12 43 52  1
 1 10 11 70 79  1
 1 10 11 70 77 78  1
 1 10 11 68 69 79  1
 1 10 11 68 69 77 78  1
 1 10 11 58 79  1
 1 10 11 58 77 78  1
 1 10 11 56 79  1
 1 10 11 56 77 78  1
 1 10 11 52 70  1
 1 10 11 52 68 69  1
 1 10 11 52 58  1
 1 10 11 52 56  1
 1 10 11 43 79  1
 1 10 11 43 77 78  1
 1 10 11 43 52  1
 28 42  1
 28 42 70  1
 28 42 68 69  1
 28 42 58  1
 28 42 56  1
 28 42 43  1
 28 40 41  1
 28 40 41 70  1
 28 40 41 68 69  1
 28 40 41 58  1
 28 40 41 56  1
 28 40 41 43  1
 26 27 42  1
 26 27 42 70  1
 26 27 42 68 69  1
 26 27 42 58  1
 26 27 42 56  1
 26 27 42 43  1
 26 27 40 41  1
 26 27 40 41 70  1
 26 27 40 41 68 69  1
 26 27 40 41 58  1
 26 27 40 41 56  1
 26 27 40 41 43  1
 15 28  1
 15 28 70  1
 15 28 68 69  1
 15 28 58  1
 15 28 56  1
 15 28 43  1
 15 26 27  1
 15 26 27 70  1
 15 26 27 68 69  1
 15 26 27 58  1
 15 26 27 56  1
 15 26 27 43  1
 1 42  1
 1 42 70  1
 1 42 68 69  1
 1 42 58  1
 1 42 56  1
 1 42 43  1
 1 40 41  1
 1 40 41 70  1
 1 40 41 68 69  1
 1 40 41 58  1
 1 40 41 56  1
 1 40 41 43  1
 1 15  1
 1 15 70  1
 1 15 68 69  1
 1 15 58  1
 1 15 56  1
 1 15 43  1
 41 54 55 63  1
 39 40 56 63  5
 39 40 54 55 63  1
 29 41 63  1
 29 39 40 63  1
 14 56 63  5
 14 54 55 63  1
 14 29 63  1
