 50 56  91
 50 56 71  25
 50 56 69 70  25
 50 54 55  45
 44 50 56  25
 29 50  45
 29 50 71  19
 29 50 69 70  19
 29 44 50  19
 55 58  123
  215
 58  145
 58 75 79  3
 58 75 77 78  3
 58 73 74 79  3
 58 73 74 77 78  3
 58 65 75  3
 58 65 73 74  3
 52 58 75  3
 52 58 73 74  3
 48 58 79  3
 48 58 77 78  3
 48 58 65  3
 48 52 58  3
 46  25
 46 58  35
 33 58 75  5
 33 58 73 74  5
 33 48 58  5
 32 58 75  1
 32 58 73 74  1
 32 48 58  1
 18  1
 3 58 75  3
 3 58 73 74  3
 3 48 58  3
 3 33 58 75  1
 3 33 58 73 74  1
 3 33 48 58  1
 63 71  105
 63 69 70  125
 55 70  45
 55 68 69  45
 55 56  73
 44 63  105
 43 55  45
 28 63  7
 26 27 63  3
 1 63  3
 28 42 68  3
 28 42 68 71  1
 28 42 68 69 70  1
 28 42 66 67  3
 28 42 66 67 71  1
 28 42 66 67 69 70  1
 28 42 59 68  1
 28 42 59 66 67  1
 28 42 58 68  1
 28 42 58 66 67  1
 28 42 56  3
 28 42 56 71  1
 28 42 56 69 70  1
 28 42 56 59  1
 28 42 56 58  1
 28 42 54 55  3
 28 42 54 55 71  1
 28 42 54 55 69 70  1
 28 42 54 55 59  1
 28 42 54 55 58  1
 28 42 44 68  1
 28 42 44 66 67  1
 28 42 44 56  1
 28 42 44 54 55  1
 28 41 42  3
 28 41 42 71  1
 28 41 42 69 70  1
 28 41 42 59  1
 28 41 42 58  1
 28 41 42 44  1
 28 40 41  5
 28 40 41 71  3
 28 40 41 69 70  3
 28 40 41 68  3
 28 40 41 68 71  1
 28 40 41 68 69 70  1
 28 40 41 66 67  3
 28 40 41 66 67 71  1
 28 40 41 66 67 69 70  1
 28 40 41 59  3
 28 40 41 59 68  1
 28 40 41 59 66 67  1
 28 40 41 58  3
 28 40 41 58 68  1
 28 40 41 58 66 67  1
 28 40 41 56  3
 28 40 41 56 71  1
 28 40 41 56 69 70  1
 28 40 41 56 59  1
 28 40 41 56 58  1
 28 40 41 54 55  3
 28 40 41 54 55 71  1
 28 40 41 54 55 69 70  1
 28 40 41 54 55 59  1
 28 40 41 54 55 58  1
 28 40 41 44  3
 28 40 41 44 68  1
 28 40 41 44 66 67  1
 28 40 41 44 56  1
 28 40 41 44 54 55  1
 26 27 42 68  3
 26 27 42 68 71  1
 26 27 42 68 69 70  1
 26 27 42 66 67  3
 26 27 42 66 67 71  1
 26 27 42 66 67 69 70  1
 26 27 42 59 68  1
 26 27 42 59 66 67  1
 26 27 42 58 68  1
 26 27 42 58 66 67  1
 26 27 42 56  3
 26 27 42 56 71  1
 26 27 42 56 69 70  1
 26 27 42 56 59  1
 26 27 42 56 58  1
 26 27 42 54 55  3
 26 27 42 54 55 71  1
 26 27 42 54 55 69 70  1
 26 27 42 54 55 59  1
 26 27 42 54 55 58  1
 26 27 42 44 68  1
 26 27 42 44 66 67  1
 26 27 42 44 56  1
 26 27 42 44 54 55  1
 26 27 41 42  3
 26 27 41 42 71  1
 26 27 41 42 69 70  1
 26 27 41 42 59  1
 26 27 41 42 58  1
 26 27 41 42 44  1
 26 27 40 41  5
 26 27 40 41 71  3
 26 27 40 41 69 70  3
 26 27 40 41 68  3
 26 27 40 41 68 71  1
 26 27 40 41 68 69 70  1
 26 27 40 41 66 67  3
 26 27 40 41 66 67 71  1
 26 27 40 41 66 67 69 70  1
 26 27 40 41 59  3
 26 27 40 41 59 68  1
 26 27 40 41 59 66 67  1
 26 27 40 41 58  3
 26 27 40 41 58 68  1
 26 27 40 41 58 66 67  1
 26 27 40 41 56  3
 26 27 40 41 56 71  1
 26 27 40 41 56 69 70  1
 26 27 40 41 56 59  1
 26 27 40 41 56 58  1
 26 27 40 41 54 55  3
 26 27 40 41 54 55 71  1
 26 27 40 41 54 55 69 70  1
 26 27 40 41 54 55 59  1
 26 27 40 41 54 55 58  1
 26 27 40 41 44  3
 26 27 40 41 44 68  1
 26 27 40 41 44 66 67  1
 26 27 40 41 44 56  1
 26 27 40 41 44 54 55  1
 15 28 68  3
 15 28 68 71  1
 15 28 68 69 70  1
 15 28 66 67  3
 15 28 66 67 71  1
 15 28 66 67 69 70  1
 15 28 59 68  1
 15 28 59 66 67  1
 15 28 58 68  1
 15 28 58 66 67  1
 15 28 56  3
 15 28 56 71  1
 15 28 56 69 70  1
 15 28 56 59  1
 15 28 56 58  1
 15 28 54 55  3
 15 28 54 55 71  1
 15 28 54 55 69 70  1
 15 28 54 55 59  1
 15 28 54 55 58  1
 15 28 44 68  1
 15 28 44 66 67  1
 15 28 44 56  1
 15 28 44 54 55  1
 15 28 41  3
 15 28 41 71  1
 15 28 41 69 70  1
 15 28 41 59  1
 15 28 41 58  1
 15 28 41 44  1
 15 26 27 68  3
 15 26 27 68 71  1
 15 26 27 68 69 70  1
 15 26 27 66 67  3
 15 26 27 66 67 71  1
 15 26 27 66 67 69 70  1
 15 26 27 59 68  1
 15 26 27 59 66 67  1
 15 26 27 58 68  1
 15 26 27 58 66 67  1
 15 26 27 56  3
 15 26 27 56 71  1
 15 26 27 56 69 70  1
 15 26 27 56 59  1
 15 26 27 56 58  1
 15 26 27 54 55  3
 15 26 27 54 55 71  1
 15 26 27 54 55 69 70  1
 15 26 27 54 55 59  1
 15 26 27 54 55 58  1
 15 26 27 44 68  1
 15 26 27 44 66 67  1
 15 26 27 44 56  1
 15 26 27 44 54 55  1
 15 26 27 41  3
 15 26 27 41 71  1
 15 26 27 41 69 70  1
 15 26 27 41 59  1
 15 26 27 41 58  1
 15 26 27 41 44  1
 1 42 68  3
 1 42 68 71  1
 1 42 68 69 70  1
 1 42 66 67  3
 1 42 66 67 71  1
 1 42 66 67 69 70  1
 1 42 59 68  1
 1 42 59 66 67  1
 1 42 58 68  1
 1 42 58 66 67  1
 1 42 56  3
 1 42 56 71  1
 1 42 56 69 70  1
 1 42 56 59  1
 1 42 56 58  1
 1 42 54 55  3
 1 42 54 55 71  1
 1 42 54 55 69 70  1
 1 42 54 55 59  1
 1 42 54 55 58  1
 1 42 44 68  1
 1 42 44 66 67  1
 1 42 44 56  1
 1 42 44 54 55  1
 1 41 42  3
 1 41 42 71  1
 1 41 42 69 70  1
 1 41 42 59  1
 1 41 42 58  1
 1 41 42 44  1
 1 40 41  5
 1 40 41 71  3
 1 40 41 69 70  3
 1 40 41 68  3
 1 40 41 68 71  1
 1 40 41 68 69 70  1
 1 40 41 66 67  3
 1 40 41 66 67 71  1
 1 40 41 66 67 69 70  1
 1 40 41 59  3
 1 40 41 59 68  1
 1 40 41 59 66 67  1
 1 40 41 58  3
 1 40 41 58 68  1
 1 40 41 58 66 67  1
 1 40 41 56  3
 1 40 41 56 71  1
 1 40 41 56 69 70  1
 1 40 41 56 59  1
 1 40 41 56 58  1
 1 40 41 54 55  3
 1 40 41 54 55 71  1
 1 40 41 54 55 69 70  1
 1 40 41 54 55 59  1
 1 40 41 54 55 58  1
 1 40 41 44  3
 1 40 41 44 68  1
 1 40 41 44 66 67  1
 1 40 41 44 56  1
 1 40 41 44 54 55  1
 1 15 68  3
 1 15 68 71  1
 1 15 68 69 70  1
 1 15 66 67  3
 1 15 66 67 71  1
 1 15 66 67 69 70  1
 1 15 59 68  1
 1 15 59 66 67  1
 1 15 58 68  1
 1 15 58 66 67  1
 1 15 56  3
 1 15 56 71  1
 1 15 56 69 70  1
 1 15 56 59  1
 1 15 56 58  1
 1 15 54 55  3
 1 15 54 55 71  1
 1 15 54 55 69 70  1
 1 15 54 55 59  1
 1 15 54 55 58  1
 1 15 44 68  1
 1 15 44 66 67  1
 1 15 44 56  1
 1 15 44 54 55  1
 1 15 41  3
 1 15 41 71  1
 1 15 41 69 70  1
 1 15 41 59  1
 1 15 41 58  1
 1 15 41 44  1
 30 50 71  9
 30 50 69 70  9
 30 44 50  9
 28 29 50 71  9
 28 29 50 69 70  9
 28 29 44 50  9
 50 63 71  23
 50 63 69 70  23
 50 57 71  1
 50 57 69 70  1
 50 53 54 56 71  1
 50 53 54 56 69 70  1
 50 53 54 55 71  1
 50 53 54 55 69 70  1
 44 50 63  23
 44 50 57  1
 44 50 53 54 56  1
 44 50 53 54 55  1
 43 50 56 71  1
 43 50 56 69 70  1
 43 50 54 55 71  1
 43 50 54 55 69 70  1
 43 44 50 56  1
 43 44 50 54 55  1
 42 50 71  1
 42 50 69 70  1
 42 44 50  1
 40 41 50 71  1
 40 41 50 69 70  1
 40 41 44 50  1
 29 50 55 71  1
 29 50 55 69 70  1
 29 50 53 54 71  1
 29 50 53 54 69 70  1
 29 44 50 55  1
 29 44 50 53 54  1
 29 43 50 71  1
 29 43 50 69 70  1
 29 43 44 50  1
 28 50 56 71  1
 28 50 56 69 70  1
 28 50 54 55 71  1
 28 50 54 55 69 70  1
 28 44 50 56  1
 28 44 50 54 55  1
 15 50 71  1
 15 50 69 70  1
 15 44 50  1
