 76  1
 73 74  19
 72 73 75  1
 72 73 74  1
 67  9
 62 63  1
 59 68 75  3
 59 68 73 74  3
 59 63 75  3
 59 63 73 74  3
 55  1
 54 59 75  3
 54 59 73 74  3
 53 54  1
 50 59  3
 50 59 77  3
 50 59 75 76  3
 49  9
 48 74  1
 48 72 73  1
 48 59 68  3
 48 59 63  3
 48 54 59  3
 47 75  1
 47 73 74  1
 47 48  9
 44  5
 44 45  1
 43  1
 40  1
 37  1
 31  1
 30 44  1
 28  1
 27 59 75  3
 27 59 73 74  3
 27 48 59  3
 26 59 75  3
 26 59 73 74  3
 26 48 59  3
 25  13
 25 26 59 75  3
 25 26 59 73 74  3
 25 26 48 59  3
 24 25 59 75  3
 24 25 59 73 74  3
 24 25 48 59  3
 23 24  13
 19  1
 17  1
 15 59  1
 15 44  1
 14  1
 14 68 75  1
 14 68 73 74  1
 14 63 75  1
 14 63 73 74  1
 14 54 75  1
 14 54 73 74  1
 14 48 68  1
 14 48 63  1
 14 48 54  1
 14 27 75  1
 14 27 73 74  1
 14 27 48  1
 14 26 75  1
 14 26 73 74  1
 14 26 48  1
 14 25 26 75  1
 14 25 26 73 74  1
 14 25 26 48  1
 14 24 25 75  1
 14 24 25 73 74  1
 14 24 25 48  1
 12 59 75  3
 12 59 73 74  3
 12 48 59  3
 12 14 75  1
 12 14 73 74  1
 12 14 48  1
 10 11 59 75  3
 10 11 59 73 74  3
 10 11 48 59  3
 10 11 14 75  1
 10 11 14 73 74  1
 10 11 14 48  1
 0 68  1
 0 59 75  3
 0 59 73 74  3
 0 48 59  3
 0 14 75  1
 0 14 73 74  1
 0 14 48  1
