 79  61
 77 78  61
 65 79  3
 65 77 78  3
 65 75  11
 65 75 79  3
 65 75 77 78  3
 65 73 74  11
 65 73 74 79  3
 65 73 74 77 78  3
 59 65 75 79  3
 59 65 75 77 78  3
 59 65 73 74 79  3
 59 65 73 74 77 78  3
 52  75
 52 65  3
 52 65 75  3
 52 65 73 74  3
 52 59 65 75  3
 52 59 65 73 74  3
 48 65  11
 48 65 79  3
 48 65 77 78  3
 48 59 65 79  3
 48 59 65 77 78  3
 48 52 65  3
 48 52 59 65  3
 44  105
 44 79  1
 44 77 78  1
 44 65  25
 44 65 79  3
 44 65 77 78  3
 44 52  1
 44 52 65  3
 44 46  11
 35 59 65 75 79  3
 35 59 65 75 77 78  3
 35 59 65 73 74 79  3
 35 59 65 73 74 77 78  3
 35 52 59 65 75  3
 35 52 59 65 73 74  3
 35 48 59 65 79  3
 35 48 59 65 77 78  3
 35 48 52 59 65  3
 68 75  15
 68 73 74  15
 67 75  17
 67 73 74  17
 63 75  15
 63 73 74  15
 63 64  5
 59 75  79
 59 73 74  79
 59 68 75  15
 59 68 73 74  15
 59 63 75  15
 59 63 73 74  15
 56  5
 54 75  15
 54 73 74  15
 54 59 75  15
 54 59 73 74  15
 54 55  5
 50 68  75
 50 67  125
 50 66  75
 50 66 67  75
 50 59 77  3
 50 59 75 76  3
 50 57 58  75
 48 68  15
 48 67  17
 48 63  15
 48 59  79
 48 59 68  15
 48 59 63  15
 48 54  15
 48 54 59  15
 47  5
 46 75  5
 46 73 74  5
 46 48  5
 45 46  5
 44 77  1
 44 75 76  1
 44 50  227
 44 49 75  3
 44 49 73 74  3
 44 48 49  3
 44 47 48  3
 44 47 48 75  3
 44 47 48 73 74  3
 42 43 77  1
 42 43 75 76  1
 42 43 50  1
 41 50  75
 38  5
 36  21
 36 65 75  1
 36 65 73 74  1
 36 59  5
 36 59 75  1
 36 59 73 74  1
 36 48 65  1
 36 48 59  1
 36 44 67  35
 34 67 75 79  3
 34 67 75 77 78  3
 34 67 73 74 79  3
 34 67 73 74 77 78  3
 34 52 67 75  3
 34 52 67 73 74  3
 34 48 67 79  3
 34 48 67 77 78  3
 34 48 52 67  3
 34 35  33
 34 35 65 75  1
 34 35 65 73 74  1
 34 35 59  5
 34 35 59 75  1
 34 35 59 73 74  1
 34 35 48 65  1
 34 35 48 59  1
 34 35 44 67  35
 33 75 79  1
 33 75 77 78  1
 33 73 74 79  1
 33 73 74 77 78  1
 33 65 75  1
 33 65 73 74  1
 33 52 75  1
 33 52 73 74  1
 33 48 79  1
 33 48 77 78  1
 33 48 65  1
 33 48 52  1
 33 36  5
 33 36 75  1
 33 36 73 74  1
 33 36 59  3
 33 36 59 75  1
 33 36 59 73 74  1
 33 36 48  1
 33 36 48 59  1
 33 34 75  1
 33 34 73 74  1
 33 34 48  1
 33 34 36 75  1
 33 34 36 73 74  1
 33 34 36 48  1
 33 34 35  9
 33 34 35 59  3
 33 34 35 59 75  1
 33 34 35 59 73 74  1
 33 34 35 48 59  1
 32  69
 32 33 67 75 79  3
 32 33 67 75 77 78  3
 32 33 67 73 74 79  3
 32 33 67 73 74 77 78  3
 32 33 52 67 75  3
 32 33 52 67 73 74  3
 32 33 48 67 79  3
 32 33 48 67 77 78  3
 32 33 48 52 67  3
 30 46  5
 29  5
 27  73
 27 75  27
 27 73 74  27
 27 65 75  1
 27 65 73 74  1
 27 59  5
 27 48  27
 27 48 65  1
 27 44 67  35
 27 33  5
 27 33 75  1
 27 33 73 74  1
 27 33 59  3
 27 33 59 75  1
 27 33 59 73 74  1
 27 33 48  1
 27 33 48 59  1
 27 33 34 75  1
 27 33 34 73 74  1
 27 33 34 48  1
 26 75  15
 26 73 74  15
 26 59 75  15
 26 59 73 74  15
 26 48  15
 26 48 59  15
 25 75  21
 25 73 74  21
 25 48  21
 25 36 44  35
 25 34 75 79  3
 25 34 75 77 78  3
 25 34 73 74 79  3
 25 34 73 74 77 78  3
 25 34 52 75  3
 25 34 52 73 74  3
 25 34 48 79  3
 25 34 48 77 78  3
 25 34 48 52  3
 25 34 35 44  35
 25 32 33 75 79  3
 25 32 33 75 77 78  3
 25 32 33 73 74 79  3
 25 32 33 73 74 77 78  3
 25 32 33 52 75  3
 25 32 33 52 73 74  3
 25 32 33 48 79  3
 25 32 33 48 77 78  3
 25 32 33 48 52  3
 25 27 44  35
 25 26  73
 25 26 75  27
 25 26 73 74  27
 25 26 65 75  1
 25 26 65 73 74  1
 25 26 59  5
 25 26 48  27
 25 26 48 65  1
 25 26 44  105
 25 26 44 67  35
 25 26 33  5
 25 26 33 75  1
 25 26 33 73 74  1
 25 26 33 59  3
 25 26 33 59 75  1
 25 26 33 59 73 74  1
 25 26 33 48  1
 25 26 33 48 59  1
 25 26 33 34 75  1
 25 26 33 34 73 74  1
 25 26 33 34 48  1
 24 25 75  15
 24 25 73 74  15
 24 25 59 75  15
 24 25 59 73 74  15
 24 25 48  15
 24 25 48 59  15
 23 24 75  17
 23 24 73 74  17
 23 24 48  17
 23 24 36 44  35
 23 24 34 75 79  3
 23 24 34 75 77 78  3
 23 24 34 73 74 79  3
 23 24 34 73 74 77 78  3
 23 24 34 52 75  3
 23 24 34 52 73 74  3
 23 24 34 48 79  3
 23 24 34 48 77 78  3
 23 24 34 48 52  3
 23 24 34 35 44  35
 23 24 32 33 75 79  3
 23 24 32 33 75 77 78  3
 23 24 32 33 73 74 79  3
 23 24 32 33 73 74 77 78  3
 23 24 32 33 52 75  3
 23 24 32 33 52 73 74  3
 23 24 32 33 48 79  3
 23 24 32 33 48 77 78  3
 23 24 32 33 48 52  3
 23 24 27 44  35
 23 24 25 26 44  35
 22 44 75  3
 22 44 73 74  3
 22 44 48  3
 20  27
 18  3
 18 75 79  1
 18 75 77 78  1
 18 73 74 79  1
 18 73 74 77 78  1
 18 65 75  1
 18 65 73 74  1
 18 52 75  1
 18 52 73 74  1
 18 48 79  1
 18 48 77 78  1
 18 48 65  1
 18 48 52  1
 17 77  1
 17 75 76  1
 16  69
 16 68  5
 16 63  5
 16 54  5
 16 50  15
 16 44 50  15
 16 36  1
 16 36 75  1
 16 36 73 74  1
 16 36 48  1
 16 34 35  1
 16 34 35 75  1
 16 34 35 73 74  1
 16 34 35 48  1
 16 33  1
 16 33 36  1
 16 33 34 35  1
 16 27 75  1
 16 27 73 74  1
 16 27 48  1
 16 27 33  1
 16 26  5
 16 25 26 75  1
 16 25 26 73 74  1
 16 25 26 48  1
 16 25 26 33  1
 16 24 25  5
 15 68  5
 15 63  5
 15 59  7
 15 54  5
 15 50  81
 15 50 77  15
 15 50 75 76  15
 15 50 68  15
 15 50 67  15
 15 50 66  15
 15 50 66 67  15
 15 50 59  15
 15 50 57 58  15
 15 46  1
 15 41 50  15
 15 36 59  1
 15 34 35 59  1
 15 33  1
 15 33 36 59  1
 15 33 34 35 59  1
 15 27  5
 15 27 59  1
 15 27 33 59  1
 15 26  5
 15 25 26  5
 15 25 26 59  1
 15 25 26 33 59  1
 15 24 25  5
 15 16 50  3
 14 75  31
 14 73 74  31
 14 68 75  5
 14 68 73 74  5
 14 63 75  5
 14 63 73 74  5
 14 54 75  5
 14 54 73 74  5
 14 48  31
 14 48 68  5
 14 48 63  5
 14 48 54  5
 14 36 75  1
 14 36 73 74  1
 14 36 48  1
 14 34 35 75  1
 14 34 35 73 74  1
 14 34 35 48  1
 14 33 75  1
 14 33 73 74  1
 14 33 48  1
 14 33 36 75  1
 14 33 36 73 74  1
 14 33 36 48  1
 14 33 34 35 75  1
 14 33 34 35 73 74  1
 14 33 34 35 48  1
 14 27 33 75  1
 14 27 33 73 74  1
 14 27 33 48  1
 14 26 75  5
 14 26 73 74  5
 14 26 48  5
 14 25 26 33 75  1
 14 25 26 33 73 74  1
 14 25 26 33 48  1
 14 24 25 75  5
 14 24 25 73 74  5
 14 24 25 48  5
 12 75  15
 12 73 74  15
 12 59 75  15
 12 59 73 74  15
 12 48  15
 12 48 59  15
 12 16  5
 12 15  5
 12 14 75  5
 12 14 73 74  5
 12 14 48  5
 10 11 75  15
 10 11 73 74  15
 10 11 59 75  15
 10 11 59 73 74  15
 10 11 48  15
 10 11 48 59  15
 10 11 16  5
 10 11 15  5
 10 11 14 75  5
 10 11 14 73 74  5
 10 11 14 48  5
 9  21
 9 65 75  1
 9 65 73 74  1
 9 59  5
 9 59 75  1
 9 59 73 74  1
 9 48 65  1
 9 48 59  1
 9 44 67  35
 9 33  5
 9 33 75  1
 9 33 73 74  1
 9 33 59  3
 9 33 59 75  1
 9 33 59 73 74  1
 9 33 48  1
 9 33 48 59  1
 9 33 34 75  1
 9 33 34 73 74  1
 9 33 34 48  1
 9 25 44  35
 9 23 24 44  35
 9 16  1
 9 16 75  1
 9 16 73 74  1
 9 16 48  1
 9 16 33  1
 9 15 59  1
 9 15 33 59  1
 9 14 75  1
 9 14 73 74  1
 9 14 48  1
 9 14 33 75  1
 9 14 33 73 74  1
 9 14 33 48  1
 8 75  1
 8 73 74  1
 8 48  1
 8 36 75  1
 8 36 73 74  1
 8 36 48  1
 8 34 35 75  1
 8 34 35 73 74  1
 8 34 35 48  1
 8 27 75  1
 8 27 73 74  1
 8 27 48  1
 8 25 26 75  1
 8 25 26 73 74  1
 8 25 26 48  1
 8 9 75  1
 8 9 73 74  1
 8 9 48  1
 7 67 75 79  3
 7 67 75 77 78  3
 7 67 73 74 79  3
 7 67 73 74 77 78  3
 7 52 67 75  3
 7 52 67 73 74  3
 7 48 67 79  3
 7 48 67 77 78  3
 7 48 52 67  3
 7 25 75 79  3
 7 25 75 77 78  3
 7 25 73 74 79  3
 7 25 73 74 77 78  3
 7 25 52 75  3
 7 25 52 73 74  3
 7 25 48 79  3
 7 25 48 77 78  3
 7 25 48 52  3
 7 23 24 75 79  3
 7 23 24 75 77 78  3
 7 23 24 73 74 79  3
 7 23 24 73 74 77 78  3
 7 23 24 52 75  3
 7 23 24 52 73 74  3
 7 23 24 48 79  3
 7 23 24 48 77 78  3
 7 23 24 48 52  3
 3 75  1
 3 73 74  1
 3 48  1
 0  127
 0 75  51
 0 73 74  51
 0 65 75  1
 0 65 73 74  1
 0 59  5
 0 48  51
 0 48 65  1
 0 44 67  35
 0 33  9
 0 33 75  1
 0 33 73 74  1
 0 33 59  3
 0 33 59 75  1
 0 33 59 73 74  1
 0 33 48  1
 0 33 48 59  1
 0 33 34 75  1
 0 33 34 73 74  1
 0 33 34 48  1
 0 25 44  35
 0 23 24 44  35
 0 16 75  1
 0 16 73 74  1
 0 16 48  1
 0 16 33  1
 0 15  5
 0 15 59  1
 0 15 33 59  1
 0 14 33 75  1
 0 14 33 73 74  1
 0 14 33 48  1
 0 8 75  1
 0 8 73 74  1
 0 8 48  1
