 58  1067
 63 68  19
 63 65 66  19
 63 64 65 67  19
 63 64 65 66  19
 55 63 68  7
 55 63 65 66  7
 55 63 64 65 67  7
 55 63 64 65 66  7
 41 63  19
 41 55 63  7
 40 63 66  19
 40 63 64 65  19
 40 55 63 66  7
 40 55 63 64 65  7
 39 63 67  19
 39 63 65 66  19
 39 55 63 67  7
 39 55 63 65 66  7
 39 40 63  19
 39 40 55 63  7
 28 55 63  1
 28 55 63 68  1
 28 55 63 65 66  1
 28 55 63 64 65 67  1
 28 55 63 64 65 66  1
 28 53 55 63  1
 28 51 52 55 63  1
 28 41 55 63  1
 28 40 55 63 66  1
 28 40 55 63 64 65  1
 28 39 55 63 67  1
 28 39 55 63 65 66  1
 28 39 40 55 63  1
 26 28 55 63  1
 26 27 55 63 68  1
 26 27 55 63 65 66  1
 26 27 55 63 64 65 67  1
 26 27 55 63 64 65 66  1
 26 27 53 55 63  1
 26 27 51 52 55 63  1
 26 27 41 55 63  1
 26 27 40 55 63 66  1
 26 27 40 55 63 64 65  1
 26 27 39 55 63 67  1
 26 27 39 55 63 65 66  1
 26 27 39 40 55 63  1
 1 55 63  1
 1 55 63 68  1
 1 55 63 65 66  1
 1 55 63 64 65 67  1
 1 55 63 64 65 66  1
 1 53 55 63  1
 1 51 52 55 63  1
 1 41 55 63  1
 1 40 55 63 66  1
 1 40 55 63 64 65  1
 1 39 55 63 67  1
 1 39 55 63 65 66  1
 1 39 40 55 63  1
 1 26 55 63  1
 58 79  13
 58 77 78  13
 58 65  47
 54 58 75  3
 54 58 75 79  1
 54 58 75 77 78  1
 54 58 73 74  3
 54 58 73 74 79  1
 54 58 73 74 77 78  1
 54 58 65 75  1
 54 58 65 73 74  1
 52 58 67  1
 52 54 58 75  1
 52 54 58 73 74  1
 52 53 58 75 79  1
 52 53 58 75 77 78  1
 52 53 58 73 74 79  1
 52 53 58 73 74 77 78  1
 52 53 58 65 75  1
 52 53 58 65 73 74  1
 49  1
 48 54 58  3
 48 54 58 79  1
 48 54 58 77 78  1
 48 54 58 65  1
 48 52 54 58  1
 48 52 53 58 79  1
 48 52 53 58 77 78  1
 48 52 53 58 65  1
 47 48  1
 46  15
 42 58 75  23
 42 58 75 79  1
 42 58 75 77 78  1
 42 58 73 74  23
 42 58 73 74 79  1
 42 58 73 74 77 78  1
 42 58 65 75  1
 42 58 65 73 74  1
 42 52 58 75  1
 42 52 58 73 74  1
 42 48 58  23
 42 48 58 79  1
 42 48 58 77 78  1
 42 48 58 65  1
 42 48 52 58  1
 36 58  13
 34 52 58  1
 34 35 58  9
 32 58  3
 32 58 60  1
 32 58 60 75  1
 32 58 60 73 74  1
 32 58 60 67  1
 32 58 60 67 75  1
 32 58 60 67 73 74  1
 32 58 59  1
 32 58 59 75  1
 32 58 59 73 74  1
 32 58 59 67  1
 32 58 59 67 75  1
 32 58 59 67 73 74  1
 32 52 58  3
 32 48 58 60  1
 32 48 58 60 67  1
 32 48 58 59  1
 32 48 58 59 67  1
 32 46 58  9
 32 34 58 60  1
 32 34 58 60 75  1
 32 34 58 60 73 74  1
 32 34 58 59  1
 32 34 58 59 75  1
 32 34 58 59 73 74  1
 32 34 48 58 60  1
 32 34 48 58 59  1
 32 33 58 67  3
 32 33 58 67 75  3
 32 33 58 67 73 74  3
 32 33 58 60  1
 32 33 58 60 75  1
 32 33 58 60 73 74  1
 32 33 58 59  1
 32 33 58 59 75  1
 32 33 58 59 73 74  1
 32 33 52 58  1
 32 33 48 58 67  3
 32 33 48 58 60  1
 32 33 48 58 59  1
 32 33 34 58  1
 32 33 34 58 75  1
 32 33 34 58 73 74  1
 32 33 34 48 58  1
 27 58  31
 27 58 75  3
 27 58 75 79  1
 27 58 75 77 78  1
 27 58 73 74  3
 27 58 73 74 79  1
 27 58 73 74 77 78  1
 27 58 65 75  1
 27 58 65 73 74  1
 27 52 58 75  1
 27 52 58 73 74  1
 27 48 58  3
 27 48 58 79  1
 27 48 58 77 78  1
 27 48 58 65  1
 27 48 52 58  1
 25 52 58  1
 25 32 58 60  1
 25 32 58 60 75  1
 25 32 58 60 73 74  1
 25 32 58 59  1
 25 32 58 59 75  1
 25 32 58 59 73 74  1
 25 32 48 58 60  1
 25 32 48 58 59  1
 25 32 33 58  3
 25 32 33 58 75  3
 25 32 33 58 73 74  3
 25 32 33 48 58  3
 25 26 58  25
 23 24 52 58  1
 23 24 32 58 60  1
 23 24 32 58 60 75  1
 23 24 32 58 60 73 74  1
 23 24 32 58 59  1
 23 24 32 58 59 75  1
 23 24 32 58 59 73 74  1
 23 24 32 48 58 60  1
 23 24 32 48 58 59  1
 23 24 32 33 58  3
 23 24 32 33 58 75  3
 23 24 32 33 58 73 74  3
 23 24 32 33 48 58  3
 22  1
 9 58  9
 7 52 58  1
 7 32 58 60  1
 7 32 58 60 75  1
 7 32 58 60 73 74  1
 7 32 58 59  1
 7 32 58 59 75  1
 7 32 58 59 73 74  1
 7 32 48 58 60  1
 7 32 48 58 59  1
 7 32 33 58  1
 7 32 33 58 75  1
 7 32 33 58 73 74  1
 7 32 33 48 58  1
 0 58  29
 79  147
 77 78  153
 75 79  5
 75 77 78  5
 73 74 79  5
 73 74 77 78  5
 52  213
 52 75  7
 52 73 74  7
 50 79  7
 50 77 78  7
 50 53  21
 50 52  7
 50 51 52  19
 48 79  5
 48 77 78  5
 48 52  7
 34  15
 34 75  3
 34 73 74  3
 34 59  3
 34 59 75  5
 34 59 73 74  5
 34 48  3
 34 48 59  5
 32 33  7
 32 33 75  1
 32 33 73 74  1
 32 33 59  3
 32 33 59 75  3
 32 33 59 73 74  3
 32 33 48  1
 32 33 48 59  3
 16 79  5
 16 77 78  5
 16 52  7
 16 34  3
 16 32 33  1
 15 34 59  1
 15 32 33 59  1
 14 75 79  5
 14 75 77 78  5
 14 73 74 79  5
 14 73 74 77 78  5
 14 52 75  7
 14 52 73 74  7
 14 48 79  5
 14 48 77 78  5
 14 48 52  7
 14 34 75  3
 14 34 73 74  3
 14 34 48  3
 14 32 33 75  1
 14 32 33 73 74  1
 14 32 33 48  1
 7  7
 7 75  1
 7 73 74  1
 7 59  3
 7 59 75  3
 7 59 73 74  3
 7 48  1
 7 48 59  3
 7 16  1
 7 15 59  1
 7 14 75  1
 7 14 73 74  1
 7 14 48  1
 28 42  7
 28 40 41  55
 26 27 42  7
 26 27 40 41  59
 15 28  7
 15 26 27  7
 1 42  7
 1 40 41  55
 1 15  7
 28 63  3
 1 63  3
 50 63  27
 50 57  9
 50 56  9
 50 53 54 56  13
 50 53 54 55  21
 42 50  9
 30 50  9
 30 50 79  1
 30 50 77 78  1
 30 50 52  1
 29 50  9
 29 50 55  9
 29 50 53 54  13
 28 50 56  9
 28 50 54 55  9
 28 29 50  9
 28 29 50 79  1
 28 29 50 77 78  1
 28 29 50 52  1
 15 50  9
 3 50 79  1
 3 50 77 78  1
 3 50 52  1
 50 68  19
 50 65 66  19
 50 64 65 67  19
 50 64 65 66  19
 50 63 68  15
 50 63 65 66  15
 50 63 64 65 67  15
 50 63 64 65 66  15
 50 57 68  5
 50 57 65 66  5
 50 57 64 65 67  5
 50 57 64 65 66  5
 50 56 68  5
 50 56 65 66  5
 50 56 64 65 67  5
 50 56 64 65 66  5
 50 53 54 56 68  5
 50 53 54 56 65 66  5
 50 53 54 56 64 65 67  5
 50 53 54 56 64 65 66  5
 50 53 54 55 68  5
 50 53 54 55 65 66  5
 50 53 54 55 64 65 67  5
 50 53 54 55 64 65 66  5
 42 50 68  5
 42 50 65 66  5
 42 50 64 65 67  5
 42 50 64 65 66  5
 41 50  19
 41 50 63  15
 41 50 57  5
 41 50 56  5
 41 50 55  5
 41 50 53 54 56  5
 41 50 53 54 55  5
 41 42 50  5
 40 50 66  19
 40 50 64 65  19
 40 50 63 66  15
 40 50 63 64 65  15
 40 50 57 66  5
 40 50 57 64 65  5
 40 50 56 66  5
 40 50 56 64 65  5
 40 50 53 54 56 66  5
 40 50 53 54 56 64 65  5
 40 50 53 54 55 66  5
 40 50 53 54 55 64 65  5
 40 42 50 66  5
 40 42 50 64 65  5
 40 41 50 68  5
 40 41 50 66  5
 40 41 50 65 66  5
 40 41 50 64 65  5
 40 41 50 64 65 67  5
 40 41 50 64 65 66  5
 39 50 65 66  21
 39 50 63 67  15
 39 50 63 65 66  15
 39 50 57 67  5
 39 50 57 65 66  5
 39 50 56 67  5
 39 50 56 65 66  5
 39 50 53 54 56 67  5
 39 50 53 54 56 65 66  5
 39 50 53 54 55 67  5
 39 50 53 54 55 65 66  5
 39 42 50 67  5
 39 42 50 65 66  5
 39 40 50 63  15
 39 40 50 57  5
 39 40 50 56  5
 39 40 50 53 54 56  5
 39 40 50 53 54 55  5
 39 40 42 50  5
 39 40 41 50  5
 39 40 41 50 67  5
 39 40 41 50 65 66  5
 30 50 68  5
 30 50 65 66  5
 30 50 64 65 67  5
 30 50 64 65 66  5
 30 41 50  5
 30 41 50 55  5
 30 40 50 66  5
 30 40 50 64 65  5
 30 39 50 67  5
 30 39 50 65 66  5
 30 39 40 50  5
 29 50 68  5
 29 50 65 66  5
 29 50 64 65 67  5
 29 50 64 65 66  5
 29 50 55 68  5
 29 50 55 65 66  5
 29 50 55 64 65 67  5
 29 50 55 64 65 66  5
 29 50 53 54 68  5
 29 50 53 54 65 66  5
 29 50 53 54 64 65 67  5
 29 50 53 54 64 65 66  5
 29 41 50  5
 29 41 50 55  5
 29 41 50 53 54  5
 29 40 50 66  5
 29 40 50 64 65  5
 29 40 50 55 66  5
 29 40 50 55 64 65  5
 29 40 50 53 54 66  5
 29 40 50 53 54 64 65  5
 29 39 50 67  5
 29 39 50 65 66  5
 29 39 50 55 67  5
 29 39 50 55 65 66  5
 29 39 50 53 54 67  5
 29 39 50 53 54 65 66  5
 29 39 40 50  5
 29 39 40 50 55  5
 29 39 40 50 53 54  5
 28 50 56 68  5
 28 50 56 65 66  5
 28 50 56 64 65 67  5
 28 50 56 64 65 66  5
 28 50 55  1
 28 50 55 68  1
 28 50 55 65 66  1
 28 50 55 64 65 67  1
 28 50 55 64 65 66  1
 28 50 54 55 68  5
 28 50 54 55 65 66  5
 28 50 54 55 64 65 67  5
 28 50 54 55 64 65 66  5
 28 50 53 55  1
 28 50 51 52 55  1
 28 41 50 56  5
 28 41 50 55  1
 28 41 50 54 55  5
 28 40 50 56 66  5
 28 40 50 56 64 65  5
 28 40 50 55 66  1
 28 40 50 55 64 65  1
 28 40 50 54 55 66  5
 28 40 50 54 55 64 65  5
 28 39 50 56 67  5
 28 39 50 56 65 66  5
 28 39 50 55 67  1
 28 39 50 55 65 66  1
 28 39 50 54 55 67  5
 28 39 50 54 55 65 66  5
 28 39 40 50 56  5
 28 39 40 50 55  1
 28 39 40 50 54 55  5
 28 30 50 55  1
 28 30 50 55 68  1
 28 30 50 55 65 66  1
 28 30 50 55 64 65 67  1
 28 30 50 55 64 65 66  1
 28 30 50 53 55  1
 28 30 50 51 52 55  1
 28 30 41 50 55  1
 28 30 40 50 55 66  1
 28 30 40 50 55 64 65  1
 28 30 39 50 55 67  1
 28 30 39 50 55 65 66  1
 28 30 39 40 50 55  1
 28 29 50 68  5
 28 29 50 65 66  5
 28 29 50 64 65 67  5
 28 29 50 64 65 66  5
 28 29 50 55  5
 28 29 50 55 68  5
 28 29 50 55 65 66  5
 28 29 50 55 64 65 67  5
 28 29 50 55 64 65 66  5
 28 29 50 53 55  5
 28 29 50 51 52 55  5
 28 29 41 50  5
 28 29 40 50 66  5
 28 29 40 50 64 65  5
 28 29 40 50 55 66  5
 28 29 40 50 55 64 65  5
 28 29 39 50 67  5
 28 29 39 50 65 66  5
 28 29 39 50 55 67  5
 28 29 39 50 55 65 66  5
 28 29 39 40 50  5
 28 29 39 40 50 55  5
 26 50  15
 26 28 50 55  1
 26 28 30 50 55  1
 26 28 29 50 55  5
 15 50 68  5
 15 50 65 66  5
 15 50 64 65 67  5
 15 50 64 65 66  5
 15 41 50  5
 15 40 50 66  5
 15 40 50 64 65  5
 15 39 50 67  5
 15 39 50 65 66  5
 15 39 40 50  5
 3 41 50 55  5
 3 28 50 55  1
 3 28 50 55 68  1
 3 28 50 55 65 66  1
 3 28 50 55 64 65 67  1
 3 28 50 55 64 65 66  1
 3 28 50 53 55  1
 3 28 50 51 52 55  1
 3 28 41 50 55  1
 3 28 40 50 55 66  1
 3 28 40 50 55 64 65  1
 3 28 39 50 55 67  1
 3 28 39 50 55 65 66  1
 3 28 39 40 50 55  1
 3 26 28 50 55  1
 42 53 68  31
 42 53 66 67  31
 42 53 56  31
 42 53 54 55  35
 42 51 52 68  31
 42 51 52 66 67  31
 42 51 52 56  31
 42 51 52 54 55  35
 41 42 53  31
 41 42 51 52  31
 40 41 53  35
 40 41 53 68  31
 40 41 53 66 67  31
 40 41 53 56  31
 40 41 53 54 55  35
 40 41 51 52  35
 40 41 51 52 68  31
 40 41 51 52 66 67  31
 40 41 51 52 56  31
 40 41 51 52 54 55  35
 26 42 68  31
 26 42 66 67  31
 26 42 56  31
 26 42 54 55  35
 26 41 42  31
 26 40 41  35
 26 40 41 68  31
 26 40 41 66 67  31
 26 40 41 56  31
 26 40 41 54 55  35
 15 53 68  31
 15 53 66 67  31
 15 53 56  31
 15 53 54 55  35
 15 51 52 68  31
 15 51 52 66 67  31
 15 51 52 56  31
 15 51 52 54 55  35
 15 41 53  31
 15 41 51 52  31
 15 26 68  31
 15 26 66 67  31
 15 26 56  31
 15 26 54 55  35
 15 26 41  31
 28 63 68  1
 28 63 65 66  1
 28 63 64 65 67  1
 28 63 64 65 66  1
 28 53 63  1
 28 51 52 63  1
 28 41 63  1
 28 40 63 66  1
 28 40 63 64 65  1
 28 39 63 67  1
 28 39 63 65 66  1
 28 39 40 63  1
 28 37 63  1
 28 37 63 68  1
 28 37 63 65 66  1
 28 37 63 64 65 67  1
 28 37 63 64 65 66  1
 28 37 53 63  1
 28 37 51 52 63  1
 28 37 41 63  1
 28 37 40 63 66  1
 28 37 40 63 64 65  1
 28 37 39 63 67  1
 28 37 39 63 65 66  1
 28 37 39 40 63  1
 26 28 63  1
 26 28 37 63  1
 26 27 63 68  1
 26 27 63 65 66  1
 26 27 63 64 65 67  1
 26 27 63 64 65 66  1
 26 27 53 63  1
 26 27 51 52 63  1
 26 27 41 63  1
 26 27 40 63 66  1
 26 27 40 63 64 65  1
 26 27 39 63 67  1
 26 27 39 63 65 66  1
 26 27 39 40 63  1
 26 27 37 63 68  1
 26 27 37 63 65 66  1
 26 27 37 63 64 65 67  1
 26 27 37 63 64 65 66  1
 26 27 37 53 63  1
 26 27 37 51 52 63  1
 26 27 37 41 63  1
 26 27 37 40 63 66  1
 26 27 37 40 63 64 65  1
 26 27 37 39 63 67  1
 26 27 37 39 63 65 66  1
 26 27 37 39 40 63  1
 1 63 68  1
 1 63 65 66  1
 1 63 64 65 67  1
 1 63 64 65 66  1
 1 53 63  1
 1 51 52 63  1
 1 41 63  1
 1 40 63 66  1
 1 40 63 64 65  1
 1 39 63 67  1
 1 39 63 65 66  1
 1 39 40 63  1
 1 37 63  1
 1 37 63 68  1
 1 37 63 65 66  1
 1 37 63 64 65 67  1
 1 37 63 64 65 66  1
 1 37 53 63  1
 1 37 51 52 63  1
 1 37 41 63  1
 1 37 40 63 66  1
 1 37 40 63 64 65  1
 1 37 39 63 67  1
 1 37 39 63 65 66  1
 1 37 39 40 63  1
 1 26 63  1
 1 26 37 63  1
 39 50  1
 39 50 68  1
 39 50 64 65 67  1
 39 50 64 65 66  1
 39 50 53  1
 39 50 51 52  1
 39 41 50  1
 39 40 50 66  1
 39 40 50 64 65  1
 26 39 50  1
 38 42 55 56  7
 38 40 41 55 56  7
 36 37 42 55 56  7
 36 37 40 41 55 56  7
 28 42 56  67
 28 40 41 56  67
 26 27 42 56  71
 26 27 40 41 56  71
 15 38 55 56  7
 15 36 37 55 56  7
 15 28 56  67
 15 26 27 56  71
 11 42 55 56  7
 11 40 41 55 56  7
 11 15 55 56  7
 1 42 56  67
 1 40 41 56  67
 1 15 56  67
 37 50 63  3
 37 50 63 68  3
 37 50 63 65 66  3
 37 50 63 64 65 67  3
 37 50 63 64 65 66  3
 37 50 57  1
 37 50 57 68  1
 37 50 57 65 66  1
 37 50 57 64 65 67  1
 37 50 57 64 65 66  1
 37 50 56  1
 37 50 56 68  1
 37 50 56 65 66  1
 37 50 56 64 65 67  1
 37 50 56 64 65 66  1
 37 50 53 63  3
 37 50 53 57  1
 37 50 53 56  1
 37 50 53 54 56 68  1
 37 50 53 54 56 65 66  1
 37 50 53 54 56 64 65 67  1
 37 50 53 54 56 64 65 66  1
 37 50 53 54 55 68  1
 37 50 53 54 55 65 66  1
 37 50 53 54 55 64 65 67  1
 37 50 53 54 55 64 65 66  1
 37 50 51 52 63  3
 37 50 51 52 57  1
 37 50 51 52 56  1
 37 50 51 52 53 54 56  1
 37 50 51 52 53 54 55  1
 37 42 50  1
 37 42 50 68  1
 37 42 50 65 66  1
 37 42 50 64 65 67  1
 37 42 50 64 65 66  1
 37 42 50 53  1
 37 42 50 51 52  1
 37 41 50 63  3
 37 41 50 57  1
 37 41 50 56  1
 37 41 50 53 54 56  1
 37 41 50 53 54 55  1
 37 41 42 50  1
 37 40 50 63 66  3
 37 40 50 63 64 65  3
 37 40 50 57 66  1
 37 40 50 57 64 65  1
 37 40 50 56 66  1
 37 40 50 56 64 65  1
 37 40 50 53 54 56 66  1
 37 40 50 53 54 56 64 65  1
 37 40 50 53 54 55 66  1
 37 40 50 53 54 55 64 65  1
 37 40 42 50 66  1
 37 40 42 50 64 65  1
 37 40 41 50 68  1
 37 40 41 50 66  1
 37 40 41 50 65 66  1
 37 40 41 50 64 65  1
 37 40 41 50 64 65 67  1
 37 40 41 50 64 65 66  1
 37 40 41 50 53  1
 37 40 41 50 51 52  1
 37 39 50 63 67  3
 37 39 50 63 65 66  3
 37 39 50 57 67  1
 37 39 50 57 65 66  1
 37 39 50 56 67  1
 37 39 50 56 65 66  1
 37 39 50 53 54 56 67  1
 37 39 50 53 54 56 65 66  1
 37 39 50 53 54 55 67  1
 37 39 50 53 54 55 65 66  1
 37 39 42 50 67  1
 37 39 42 50 65 66  1
 37 39 40 50 63  3
 37 39 40 50 57  1
 37 39 40 50 56  1
 37 39 40 50 53 54 56  1
 37 39 40 50 53 54 55  1
 37 39 40 42 50  1
 37 39 40 41 50  1
 37 39 40 41 50 67  1
 37 39 40 41 50 65 66  1
 30 37 50  1
 30 37 50 68  1
 30 37 50 65 66  1
 30 37 50 64 65 67  1
 30 37 50 64 65 66  1
 30 37 50 53  1
 30 37 50 51 52  1
 30 37 41 50  1
 30 37 40 50 66  1
 30 37 40 50 64 65  1
 30 37 39 50 67  1
 30 37 39 50 65 66  1
 30 37 39 40 50  1
 29 37 50  1
 29 37 50 68  1
 29 37 50 65 66  1
 29 37 50 64 65 67  1
 29 37 50 64 65 66  1
 29 37 50 55  1
 29 37 50 55 68  1
 29 37 50 55 65 66  1
 29 37 50 55 64 65 67  1
 29 37 50 55 64 65 66  1
 29 37 50 53  1
 29 37 50 53 55  1
 29 37 50 53 54 68  1
 29 37 50 53 54 65 66  1
 29 37 50 53 54 64 65 67  1
 29 37 50 53 54 64 65 66  1
 29 37 50 51 52  1
 29 37 50 51 52 55  1
 29 37 50 51 52 53 54  1
 29 37 41 50  1
 29 37 41 50 55  1
 29 37 41 50 53 54  1
 29 37 40 50 66  1
 29 37 40 50 64 65  1
 29 37 40 50 55 66  1
 29 37 40 50 55 64 65  1
 29 37 40 50 53 54 66  1
 29 37 40 50 53 54 64 65  1
 29 37 39 50 67  1
 29 37 39 50 65 66  1
 29 37 39 50 55 67  1
 29 37 39 50 55 65 66  1
 29 37 39 50 53 54 67  1
 29 37 39 50 53 54 65 66  1
 29 37 39 40 50  1
 29 37 39 40 50 55  1
 29 37 39 40 50 53 54  1
 28 37 50 56  1
 28 37 50 56 68  1
 28 37 50 56 65 66  1
 28 37 50 56 64 65 67  1
 28 37 50 56 64 65 66  1
 28 37 50 54 55  1
 28 37 50 54 55 68  1
 28 37 50 54 55 65 66  1
 28 37 50 54 55 64 65 67  1
 28 37 50 54 55 64 65 66  1
 28 37 50 53 56  1
 28 37 50 53 54 55  1
 28 37 50 51 52 56  1
 28 37 50 51 52 54 55  1
 28 37 41 50 56  1
 28 37 41 50 54 55  1
 28 37 40 50 56 66  1
 28 37 40 50 56 64 65  1
 28 37 40 50 54 55 66  1
 28 37 40 50 54 55 64 65  1
 28 37 39 50 56 67  1
 28 37 39 50 56 65 66  1
 28 37 39 50 54 55 67  1
 28 37 39 50 54 55 65 66  1
 28 37 39 40 50 56  1
 28 37 39 40 50 54 55  1
 28 29 37 50  1
 28 29 37 50 68  1
 28 29 37 50 65 66  1
 28 29 37 50 64 65 67  1
 28 29 37 50 64 65 66  1
 28 29 37 50 53  1
 28 29 37 50 51 52  1
 28 29 37 41 50  1
 28 29 37 40 50 66  1
 28 29 37 40 50 64 65  1
 28 29 37 39 50 67  1
 28 29 37 39 50 65 66  1
 28 29 37 39 40 50  1
 26 37 50 63  3
 26 37 50 57  1
 26 37 50 56  1
 26 37 50 53 54 56  1
 26 37 50 53 54 55  1
 26 37 42 50  1
 26 37 40 41 50  1
 26 30 37 50  1
 26 29 37 50  1
 26 29 37 50 55  1
 26 29 37 50 53 54  1
 26 28 37 50 56  1
 26 28 37 50 54 55  1
 26 28 29 37 50  1
 15 37 50  1
 15 37 50 68  1
 15 37 50 65 66  1
 15 37 50 64 65 67  1
 15 37 50 64 65 66  1
 15 37 50 53  1
 15 37 50 51 52  1
 15 37 41 50  1
 15 37 40 50 66  1
 15 37 40 50 64 65  1
 15 37 39 50 67  1
 15 37 39 50 65 66  1
 15 37 39 40 50  1
 15 26 37 50  1
 28 42 70  19
 28 42 68 69  19
 28 42 58  19
 28 42 43  19
 28 40 41 70  19
 28 40 41 68 69  19
 28 40 41 58  19
 28 40 41 43  19
 26 27 42 70  19
 26 27 42 68 69  19
 26 27 42 58  19
 26 27 42 43  19
 26 27 40 41 70  19
 26 27 40 41 68 69  19
 26 27 40 41 58  19
 26 27 40 41 43  19
 15 28 70  19
 15 28 68 69  19
 15 28 58  19
 15 28 43  19
 15 26 27 70  19
 15 26 27 68 69  19
 15 26 27 58  19
 15 26 27 43  19
 1 42 70  19
 1 42 68 69  19
 1 42 58  19
 1 42 43  19
 1 40 41 70  19
 1 40 41 68 69  19
 1 40 41 58  19
 1 40 41 43  19
 1 15 70  19
 1 15 68 69  19
 1 15 58  19
 1 15 43  19
 28 42 52 68  23
 28 42 52 66 67  23
 28 42 52 56  25
 28 42 52 54 55  23
 28 41 42 52  23
 28 40 41 52  23
 28 40 41 52 68  23
 28 40 41 52 66 67  23
 28 40 41 52 56  25
 28 40 41 52 54 55  23
 26 27 42 52 68  23
 26 27 42 52 66 67  23
 26 27 42 52 56  25
 26 27 42 52 54 55  23
 26 27 41 42 52  23
 26 27 40 41 52  23
 26 27 40 41 52 68  23
 26 27 40 41 52 66 67  23
 26 27 40 41 52 56  25
 26 27 40 41 52 54 55  23
 15 28 52 68  23
 15 28 52 66 67  23
 15 28 52 56  25
 15 28 52 54 55  23
 15 28 41 52  23
 15 26 27 52 68  23
 15 26 27 52 66 67  23
 15 26 27 52 56  25
 15 26 27 52 54 55  23
 15 26 27 41 52  23
 1 42 52 68  23
 1 42 52 66 67  23
 1 42 52 56  25
 1 42 52 54 55  23
 1 41 42 52  23
 1 40 41 52  23
 1 40 41 52 68  23
 1 40 41 52 66 67  23
 1 40 41 52 56  25
 1 40 41 52 54 55  23
 1 15 52 68  23
 1 15 52 66 67  23
 1 15 52 56  25
 1 15 52 54 55  23
 1 15 41 52  23
