  1
 68  1
 65 66  1
 64 65 67  1
 64 65 66  1
 53  1
 51 52  1
 41  1
 40 66  1
 40 64 65  1
 39 67  1
 39 65 66  1
 39 40  1
 26  1
 46 58  1
 42 62 68 71  3
 42 62 68 69 70  3
 42 62 67 68 71  1
 42 62 67 68 69 70  1
 42 56 62 71  3
 42 56 62 69 70  3
 42 56 62 67 71  1
 42 56 62 67 69 70  1
 42 54 55 62 71  3
 42 54 55 62 69 70  3
 42 54 55 62 67 71  1
 42 54 55 62 67 69 70  1
 42 44 62 68  3
 42 44 62 67 68  1
 42 44 56 62  3
 42 44 56 62 67  1
 42 44 54 55 62  3
 42 44 54 55 62 67  1
 41 42 62 71  3
 41 42 62 69 70  3
 41 42 62 67 71  1
 41 42 62 67 69 70  1
 41 42 44 62  3
 41 42 44 62 67  1
 40 41 62 71  3
 40 41 62 69 70  3
 40 41 62 68 71  3
 40 41 62 68 69 70  3
 40 41 62 67 71  1
 40 41 62 67 69 70  1
 40 41 62 67 68 71  1
 40 41 62 67 68 69 70  1
 40 41 56 62 71  3
 40 41 56 62 69 70  3
 40 41 56 62 67 71  1
 40 41 56 62 67 69 70  1
 40 41 54 55 62 71  3
 40 41 54 55 62 69 70  3
 40 41 54 55 62 67 71  1
 40 41 54 55 62 67 69 70  1
 40 41 44 62  3
 40 41 44 62 68  3
 40 41 44 62 67  1
 40 41 44 62 67 68  1
 40 41 44 56 62  3
 40 41 44 56 62 67  1
 40 41 44 54 55 62  3
 40 41 44 54 55 62 67  1
 25 42 62 68 71  1
 25 42 62 68 69 70  1
 25 42 62 66 67 71  1
 25 42 62 66 67 69 70  1
 25 42 56 62 71  1
 25 42 56 62 69 70  1
 25 42 54 55 62 71  1
 25 42 54 55 62 69 70  1
 25 42 44 62 68  1
 25 42 44 62 66 67  1
 25 42 44 56 62  1
 25 42 44 54 55 62  1
 25 41 42 62 71  1
 25 41 42 62 69 70  1
 25 41 42 44 62  1
 25 40 41 62 71  1
 25 40 41 62 69 70  1
 25 40 41 62 68 71  1
 25 40 41 62 68 69 70  1
 25 40 41 62 66 67 71  1
 25 40 41 62 66 67 69 70  1
 25 40 41 56 62 71  1
 25 40 41 56 62 69 70  1
 25 40 41 54 55 62 71  1
 25 40 41 54 55 62 69 70  1
 25 40 41 44 62  1
 25 40 41 44 62 68  1
 25 40 41 44 62 66 67  1
 25 40 41 44 56 62  1
 25 40 41 44 54 55 62  1
 23 24 42 62 68 71  1
 23 24 42 62 68 69 70  1
 23 24 42 62 66 67 71  1
 23 24 42 62 66 67 69 70  1
 23 24 42 56 62 71  1
 23 24 42 56 62 69 70  1
 23 24 42 54 55 62 71  1
 23 24 42 54 55 62 69 70  1
 23 24 42 44 62 68  1
 23 24 42 44 62 66 67  1
 23 24 42 44 56 62  1
 23 24 42 44 54 55 62  1
 23 24 41 42 62 71  1
 23 24 41 42 62 69 70  1
 23 24 41 42 44 62  1
 23 24 40 41 62 71  1
 23 24 40 41 62 69 70  1
 23 24 40 41 62 68 71  1
 23 24 40 41 62 68 69 70  1
 23 24 40 41 62 66 67 71  1
 23 24 40 41 62 66 67 69 70  1
 23 24 40 41 56 62 71  1
 23 24 40 41 56 62 69 70  1
 23 24 40 41 54 55 62 71  1
 23 24 40 41 54 55 62 69 70  1
 23 24 40 41 44 62  1
 23 24 40 41 44 62 68  1
 23 24 40 41 44 62 66 67  1
 23 24 40 41 44 56 62  1
 23 24 40 41 44 54 55 62  1
 15 62 68 71  3
 15 62 68 69 70  3
 15 62 67 68 71  1
 15 62 67 68 69 70  1
 15 56 62 71  3
 15 56 62 69 70  3
 15 56 62 67 71  1
 15 56 62 67 69 70  1
 15 54 55 62 71  3
 15 54 55 62 69 70  3
 15 54 55 62 67 71  1
 15 54 55 62 67 69 70  1
 15 44 62 68  3
 15 44 62 67 68  1
 15 44 56 62  3
 15 44 56 62 67  1
 15 44 54 55 62  3
 15 44 54 55 62 67  1
 15 41 62 71  3
 15 41 62 69 70  3
 15 41 62 67 71  1
 15 41 62 67 69 70  1
 15 41 44 62  3
 15 41 44 62 67  1
 15 25 62 68 71  1
 15 25 62 68 69 70  1
 15 25 62 66 67 71  1
 15 25 62 66 67 69 70  1
 15 25 56 62 71  1
 15 25 56 62 69 70  1
 15 25 54 55 62 71  1
 15 25 54 55 62 69 70  1
 15 25 44 62 68  1
 15 25 44 62 66 67  1
 15 25 44 56 62  1
 15 25 44 54 55 62  1
 15 25 41 62 71  1
 15 25 41 62 69 70  1
 15 25 41 44 62  1
 15 23 24 62 68 71  1
 15 23 24 62 68 69 70  1
 15 23 24 62 66 67 71  1
 15 23 24 62 66 67 69 70  1
 15 23 24 56 62 71  1
 15 23 24 56 62 69 70  1
 15 23 24 54 55 62 71  1
 15 23 24 54 55 62 69 70  1
 15 23 24 44 62 68  1
 15 23 24 44 62 66 67  1
 15 23 24 44 56 62  1
 15 23 24 44 54 55 62  1
 15 23 24 41 62 71  1
 15 23 24 41 62 69 70  1
 15 23 24 41 44 62  1
