 28 42 51 56 57  9
 28 42 49 50 57 70  7
 28 42 49 50 57 68 69  7
 28 42 49 50 57 58  7
 28 42 43 49 50 57  7
 28 40 41 51 56 57  9
 28 40 41 49 50 57 70  7
 28 40 41 49 50 57 68 69  7
 28 40 41 49 50 57 58  7
 28 40 41 43 49 50 57  7
 26 27 42 51 56 57  9
 26 27 42 49 50 57 70  7
 26 27 42 49 50 57 68 69  7
 26 27 42 49 50 57 58  7
 26 27 42 43 49 50 57  7
 26 27 40 41 51 56 57  9
 26 27 40 41 49 50 57 70  7
 26 27 40 41 49 50 57 68 69  7
 26 27 40 41 49 50 57 58  7
 26 27 40 41 43 49 50 57  7
 24 28 42 56 57  9
 24 28 40 41 56 57  9
 24 26 27 42 56 57  9
 24 26 27 40 41 56 57  9
 15 28 51 56 57  9
 15 28 49 50 57 70  7
 15 28 49 50 57 68 69  7
 15 28 49 50 57 58  7
 15 28 43 49 50 57  7
 15 26 27 51 56 57  9
 15 26 27 49 50 57 70  7
 15 26 27 49 50 57 68 69  7
 15 26 27 49 50 57 58  7
 15 26 27 43 49 50 57  7
 15 24 28 56 57  9
 15 24 26 27 56 57  9
 1 42 51 56 57  9
 1 42 49 50 57 70  7
 1 42 49 50 57 68 69  7
 1 42 49 50 57 58  7
 1 42 43 49 50 57  7
 1 40 41 51 56 57  9
 1 40 41 49 50 57 70  7
 1 40 41 49 50 57 68 69  7
 1 40 41 49 50 57 58  7
 1 40 41 43 49 50 57  7
 1 24 42 56 57  9
 1 24 40 41 56 57  9
 1 15 51 56 57  9
 1 15 49 50 57 70  7
 1 15 49 50 57 68 69  7
 1 15 49 50 57 58  7
 1 15 43 49 50 57  7
 1 15 24 56 57  9
  93
 53 55  5
 53 55 57  11
 52 53 55  1
 51 52 55 57  11
 50 53 55  1
 50 51 52 55  1
 26 55  5
 26 55 57  11
 26 52 55  1
 26 50 55  1
 57 70  15
 57 68 69  15
 57 58  15
 56 57  15
 55 57 63  9
 54 55 57  9
 43 57  15
 41 63  1
 41 57 70  1
 41 57 68 69  1
 41 57 58  1
 41 56 57  1
 41 55 63  1
 41 55 57 63  5
 41 55 57 59 63  1
 41 54 57  1
 41 54 55 57 59  1
 41 43 57  1
 39 55 57 70  3
 39 55 57 68 69  3
 39 55 57 58  3
 39 55 56 57  3
 39 43 55 57  3
 28 57 70  5
 28 57 68 69  5
 28 57 58  5
 28 56 57  5
 28 55 57 63  3
 28 54 55 57  3
 28 43 57  5
 28 39 55 57 70  1
 28 39 55 57 68 69  1
 28 39 55 57 58  1
 28 39 55 56 57  1
 28 39 43 55 57  1
 12 55 57  9
 12 41 57  1
 12 41 55 57 59  1
 12 28 55 57  3
 10 11 55 57  9
 10 11 41 57  1
 10 11 41 55 57 59  1
 10 11 28 55 57  3
 78  3
 76 77  3
 68  3
 67 68  3
 60  3
 58 59  3
 51  3
 42  3
 0  3
 28 42 50 51 57 70  1
 28 42 50 51 57 68 69  1
 28 42 50 51 57 58  1
 28 42 50 51 56 57  1
 28 42 43 50 51 57  1
 28 40 41 50 51 57 70  1
 28 40 41 50 51 57 68 69  1
 28 40 41 50 51 57 58  1
 28 40 41 50 51 56 57  1
 28 40 41 43 50 51 57  1
 26 27 42 50 51 57 70  1
 26 27 42 50 51 57 68 69  1
 26 27 42 50 51 57 58  1
 26 27 42 50 51 56 57  1
 26 27 42 43 50 51 57  1
 26 27 40 41 50 51 57 70  1
 26 27 40 41 50 51 57 68 69  1
 26 27 40 41 50 51 57 58  1
 26 27 40 41 50 51 56 57  1
 26 27 40 41 43 50 51 57  1
 24 28 42 50 57 70  1
 24 28 42 50 57 68 69  1
 24 28 42 50 57 58  1
 24 28 42 50 56 57  1
 24 28 42 43 50 57  1
 24 28 40 41 50 57 70  1
 24 28 40 41 50 57 68 69  1
 24 28 40 41 50 57 58  1
 24 28 40 41 50 56 57  1
 24 28 40 41 43 50 57  1
 24 26 27 42 50 57 70  1
 24 26 27 42 50 57 68 69  1
 24 26 27 42 50 57 58  1
 24 26 27 42 50 56 57  1
 24 26 27 42 43 50 57  1
 24 26 27 40 41 50 57 70  1
 24 26 27 40 41 50 57 68 69  1
 24 26 27 40 41 50 57 58  1
 24 26 27 40 41 50 56 57  1
 24 26 27 40 41 43 50 57  1
 15 28 50 51 57 70  1
 15 28 50 51 57 68 69  1
 15 28 50 51 57 58  1
 15 28 50 51 56 57  1
 15 28 43 50 51 57  1
 15 26 27 50 51 57 70  1
 15 26 27 50 51 57 68 69  1
 15 26 27 50 51 57 58  1
 15 26 27 50 51 56 57  1
 15 26 27 43 50 51 57  1
 15 24 28 50 57 70  1
 15 24 28 50 57 68 69  1
 15 24 28 50 57 58  1
 15 24 28 50 56 57  1
 15 24 28 43 50 57  1
 15 24 26 27 50 57 70  1
 15 24 26 27 50 57 68 69  1
 15 24 26 27 50 57 58  1
 15 24 26 27 50 56 57  1
 15 24 26 27 43 50 57  1
 1 42 50 51 57 70  1
 1 42 50 51 57 68 69  1
 1 42 50 51 57 58  1
 1 42 50 51 56 57  1
 1 42 43 50 51 57  1
 1 40 41 50 51 57 70  1
 1 40 41 50 51 57 68 69  1
 1 40 41 50 51 57 58  1
 1 40 41 50 51 56 57  1
 1 40 41 43 50 51 57  1
 1 24 42 50 57 70  1
 1 24 42 50 57 68 69  1
 1 24 42 50 57 58  1
 1 24 42 50 56 57  1
 1 24 42 43 50 57  1
 1 24 40 41 50 57 70  1
 1 24 40 41 50 57 68 69  1
 1 24 40 41 50 57 58  1
 1 24 40 41 50 56 57  1
 1 24 40 41 43 50 57  1
 1 15 50 51 57 70  1
 1 15 50 51 57 68 69  1
 1 15 50 51 57 58  1
 1 15 50 51 56 57  1
 1 15 43 50 51 57  1
 1 15 24 50 57 70  1
 1 15 24 50 57 68 69  1
 1 15 24 50 57 58  1
 1 15 24 50 56 57  1
 1 15 24 43 50 57  1
 28 42 51 70  3
 28 42 51 68 69  3
 28 42 51 58  3
 28 42 49 50 70  3
 28 42 49 50 68 69  3
 28 42 49 50 58  3
 28 42 43 51  3
 28 42 43 49 50  3
 28 40 41 51 70  3
 28 40 41 51 68 69  3
 28 40 41 51 58  3
 28 40 41 49 50 70  3
 28 40 41 49 50 68 69  3
 28 40 41 49 50 58  3
 28 40 41 43 51  3
 28 40 41 43 49 50  3
 26 27 42 51 70  3
 26 27 42 51 68 69  3
 26 27 42 51 58  3
 26 27 42 49 50 70  3
 26 27 42 49 50 68 69  3
 26 27 42 49 50 58  3
 26 27 42 43 51  3
 26 27 42 43 49 50  3
 26 27 40 41 51 70  3
 26 27 40 41 51 68 69  3
 26 27 40 41 51 58  3
 26 27 40 41 49 50 70  3
 26 27 40 41 49 50 68 69  3
 26 27 40 41 49 50 58  3
 26 27 40 41 43 51  3
 26 27 40 41 43 49 50  3
 24 28 42 70  3
 24 28 42 68 69  3
 24 28 42 58  3
 24 28 42 43  3
 24 28 40 41 70  3
 24 28 40 41 68 69  3
 24 28 40 41 58  3
 24 28 40 41 43  3
 24 26 27 42 70  3
 24 26 27 42 68 69  3
 24 26 27 42 58  3
 24 26 27 42 43  3
 24 26 27 40 41 70  3
 24 26 27 40 41 68 69  3
 24 26 27 40 41 58  3
 24 26 27 40 41 43  3
 15 28 51 70  3
 15 28 51 68 69  3
 15 28 51 58  3
 15 28 49 50 70  3
 15 28 49 50 68 69  3
 15 28 49 50 58  3
 15 28 43 51  3
 15 28 43 49 50  3
 15 26 27 51 70  3
 15 26 27 51 68 69  3
 15 26 27 51 58  3
 15 26 27 49 50 70  3
 15 26 27 49 50 68 69  3
 15 26 27 49 50 58  3
 15 26 27 43 51  3
 15 26 27 43 49 50  3
 15 24 28 70  3
 15 24 28 68 69  3
 15 24 28 58  3
 15 24 28 43  3
 15 24 26 27 70  3
 15 24 26 27 68 69  3
 15 24 26 27 58  3
 15 24 26 27 43  3
 1 42 51 70  3
 1 42 51 68 69  3
 1 42 51 58  3
 1 42 49 50 70  3
 1 42 49 50 68 69  3
 1 42 49 50 58  3
 1 42 43 51  3
 1 42 43 49 50  3
 1 40 41 51 70  3
 1 40 41 51 68 69  3
 1 40 41 51 58  3
 1 40 41 49 50 70  3
 1 40 41 49 50 68 69  3
 1 40 41 49 50 58  3
 1 40 41 43 51  3
 1 40 41 43 49 50  3
 1 24 42 70  3
 1 24 42 68 69  3
 1 24 42 58  3
 1 24 42 43  3
 1 24 40 41 70  3
 1 24 40 41 68 69  3
 1 24 40 41 58  3
 1 24 40 41 43  3
 1 15 51 70  3
 1 15 51 68 69  3
 1 15 51 58  3
 1 15 49 50 70  3
 1 15 49 50 68 69  3
 1 15 49 50 58  3
 1 15 43 51  3
 1 15 43 49 50  3
 1 15 24 70  3
 1 15 24 68 69  3
 1 15 24 58  3
 1 15 24 43  3
