  713
 68 75  67
 68 73 74  67
 65 75  1
 65 73 74  1
 65 67 75  1
 65 67 73 74  1
 63 75  75
 63 73 74  75
 54 75  63
 54 73 74  63
 48 68  67
 48 65  1
 48 65 67  1
 48 63  75
 48 54  63
 34 65 75  1
 34 65 73 74  1
 34 48 65  1
 32 33 65 75  1
 32 33 65 73 74  1
 32 33 48 65  1
 27 75  63
 27 73 74  63
 27 48  63
 26 75  63
 26 73 74  63
 26 48  63
 25 65 75  1
 25 65 73 74  1
 25 48 65  1
 25 26 75  87
 25 26 73 74  87
 25 26 48  87
 24 25 75  75
 24 25 73 74  75
 24 25 48  75
 23 24 65 75  1
 23 24 65 73 74  1
 23 24 48 65  1
 12 75  63
 12 73 74  63
 12 48  63
 10 11 75  63
 10 11 73 74  63
 10 11 48  63
 7 65 75  1
 7 65 73 74  1
 7 48 65  1
 0 75  79
 0 73 74  79
 0 48  79
 57 70  1
 57 68 69  1
 57 58  1
 55 63  1
 55 57  33
 55 57 63  5
 55 57 59 63  1
 54 57  1
 54 55 57  15
 54 55 57 70  1
 54 55 57 68 69  1
 54 55 57 59  1
 54 55 57 58  1
 54 55 56 57  1
 53 54 57  1
 52 53 57  1
 50 55 57  3
 43 57  1
 43 54 55 57  1
 41 57  1
 41 55 57  1
 29 57  3
 28 55 57 70  3
 28 55 57 68 69  3
 28 55 57 59  1
 28 55 57 58  3
 28 55 56 57  3
 28 50 57  5
 28 50 57 59  1
 28 43 55 57  3
 27 57  1
 12 55 57 70  1
 12 55 57 68 69  1
 12 55 57 59  1
 12 55 57 58  1
 12 55 56 57  1
 12 43 55 57  1
 10 11 55 57 70  1
 10 11 55 57 68 69  1
 10 11 55 57 59  1
 10 11 55 57 58  1
 10 11 55 56 57  1
 10 11 43 55 57  1
 68  67
 68 78  1
 68 76 77  1
 67  195
 67 68  45
 63 78  1
 63 76 77  1
 63 68  1
 63 67 68  1
 60 68  1
 60 63  1
 58 59 68  1
 58 59 63  1
 54 78  1
 54 76 77  1
 54 68  1
 54 67 68  1
 54 60  1
 54 58 59  1
 51  31
 51 68  1
 51 63  1
 51 54  1
 42 68  1
 42 63  1
 42 54  1
 27 78  1
 27 76 77  1
 27 68  1
 27 67 68  1
 27 60  1
 27 58 59  1
 27 51  1
 27 42  1
 26 78  1
 26 76 77  1
 26 68  1
 26 67 68  1
 26 60  1
 26 58 59  1
 26 51  1
 26 42  1
 25  141
 25 26 78  1
 25 26 76 77  1
 25 26 68  1
 25 26 67 68  1
 25 26 60  1
 25 26 58 59  1
 25 26 51  1
 25 26 42  1
 24 25 78  1
 24 25 76 77  1
 24 25 68  1
 24 25 67 68  1
 24 25 60  1
 24 25 58 59  1
 24 25 51  1
 24 25 42  1
 23 24  141
 15 78  1
 15 76 77  1
 15 68  1
 15 67 68  1
 15 60  1
 15 58 59  1
 15 51  1
 15 42  1
 12 78  1
 12 76 77  1
 12 68  1
 12 67 68  1
 12 60  1
 12 58 59  1
 12 51  1
 12 42  1
 10 11 78  1
 10 11 76 77  1
 10 11 68  1
 10 11 67 68  1
 10 11 60  1
 10 11 58 59  1
 10 11 51  1
 10 11 42  1
 9  1
 7 8  1
 0  87
 0 78  1
 0 76 77  1
 0 67 68  1
 0 63  1
 0 60  1
 0 58 59  1
 0 54  1
 0 51  1
 0 42  1
 0 27  1
 0 26  1
 0 25 26  1
 0 24 25  1
 0 15  1
 0 12  1
 0 10 11  1
